0.05049 0.13736 0.70927
0.28559 0.86249 0.13581
0.66245 0.59893 0.99480
0.84721 0.10924 0.13771
0.56883 0.48184 0.65183
0.65235 0.67283 0.06739
0.80103 0.07805 0.33474
0.12234 0.53388 0.01372
0.15815 0.15518 0.81111
0.88057 0.25949 0.25092
0.14283 0.25743 0.63348
0.74687 0.04555 0.31549
0.54545 0.60875 0.21622
0.30603 0.55795 0.01730
0.13151 0.49179 0.06882
0.82871 0.79066 0.50260
0.09009 0.67034 0.50966
0.84402 0.94063 0.87759
0.16759 0.18000 0.72386
0.50458 0.61775 0.30589
0.59683 0.05163 0.44439
0.27579 0.77758 0.40186
0.28375 0.71399 0.34250
0.64696 0.09855 0.30593
0.66833 0.50686 0.32331
0.36966 0.77917 0.36187
0.94833 0.04695 0.33400
0.36107 0.09404 0.43065
0.66295 0.11208 0.01725
0.76937 0.52006 0.99773
0.48226 0.30757 0.36333
0.40520 0.95900 0.25046
0.97743 0.03866 0.38376
0.48331 0.51862 0.93021
0.05499 0.61409 0.32789
0.45421 0.94862 0.33115
0.95297 0.93542 0.03680
0.15313 0.78056 0.34207
0.96164 0.46155 0.75349
0.75394 0.93327 0.91890
0.39698 0.28895 0.45545
0.97241 0.78032 0.15511
0.08782 0.66860 0.07699
0.28858 0.11123 0.79846
0.45748 0.90904 0.69729
0.73120 0.98673 0.43996
0.17136 0.91425 0.41014
0.95831 0.75196 0.51357
0.71131 0.82504 0.26458
0.35992 0.77987 0.73328
0.13767 0.39540 0.47208
0.68732 0.96975 0.56361
0.83273 0.37209 0.25289
0.34746 0.26898 0.45128
0.73352 0.70701 0.42663
0.81043 0.18630 0.67484
0.22240 0.73163 0.71774
0.85554 0.05476 0.93488
0.61991 0.64125 0.62136
0.66396 0.62325 0.18695
0.37771 0.95259 0.41946
0.95262 0.69358 0.05659
0.77587 0.55963 0.18769
0.08672 0.62330 0.54329
0.11404 0.00636 0.85953
0.25244 0.03018 0.33360
0.31103 0.22300 0.13840
0.81566 0.83449 0.70041
0.42768 0.26378 0.81981
0.03101 0.51446 0.64849
0.36093 0.32016 0.44098
0.66693 0.84627 0.35446
0.30443 0.45597 0.59889
0.80051 0.45530 0.14082
0.63700 0.81069 0.43936
0.39908 0.57157 0.21208
0.35768 0.30879 0.16730
0.87147 0.13169 0.94432
0.09320 0.61436 0.16570
0.71758 0.55254 0.44989
0.66222 0.19202 0.03085
0.27328 0.94956 0.76367
0.33293 0.18076 0.53153
0.37632 0.00524 0.36383
0.67023 0.51059 0.73356
0.54700 0.08223 0.15968
0.07462 0.68426 0.81733
0.48376 0.30559 0.90577
0.58006 0.85791 0.01570
0.09795 0.72132 0.64287
0.81367 0.46744 0.94133
0.70283 0.09735 0.96883
0.61368 0.35192 0.04190
0.44974 0.11332 0.72356
0.97639 0.72307 0.45976
0.09552 0.01723 0.42672
0.12601 0.59993 0.26685
0.26001 0.78823 0.97875
0.03250 0.81410 0.88615
0.54634 0.63200 0.65640
0.15951 0.64062 0.24034
0.27315 0.54266 0.04590
0.50703 0.74897 0.93370
0.46347 0.15897 0.70331
0.49881 0.07554 0.24938
0.05029 0.65136 0.35806
0.11249 0.60597 0.34954
0.55586 0.10238 0.58577
0.84330 0.78097 0.51281
0.85252 0.55655 0.06792
0.52327 0.97690 0.60720
-0.00370 0.61429 0.01159
0.52945 0.83580 0.34200
0.68552 0.92600 0.43543
0.49348 0.55159 0.97499
0.71244 0.82265 0.70403
0.32895 0.56130 0.47236
0.41628 0.08754 0.96451
0.65833 0.75055 0.86461
0.68923 0.64223 0.41096
0.42792 0.26578 0.98571
0.34813 0.47758 0.08748
0.74899 0.26668 0.97894
0.49384 0.47641 0.59656
0.77880 0.49490 0.96576
0.18763 0.88051 0.09258
0.93950 0.34999 0.54404
0.57209 0.35940 0.56273
0.50226 0.23067 0.06695
0.77504 0.86757 0.28958
0.47623 0.40932 0.51293
0.43126 0.24328 0.23583
0.55093 0.28651 0.41378
0.41564 0.64158 0.29430
0.98719 0.08885 0.47574
0.45058 0.41869 0.93107
0.64457 0.35060 0.58797
0.95579 0.99512 0.31751
0.37193 0.95887 0.07278
0.95954 0.64657 0.11816
0.65468 0.32129 0.49488
0.34159 0.66332 0.18879
0.30382 0.15680 0.20325
0.17491 0.78827 0.27734
0.48740 0.54829 0.85598
0.14869 0.02573 0.03835
0.36453 0.91581 0.67984
0.65489 0.41420 0.61241
0.69527 0.42446 0.34715
0.23938 0.10094 0.03029
0.35740 0.86083 0.09339
0.81332 0.71132 0.53679
0.38508 0.75305 0.60066
0.44389 0.23742 0.55356
0.68043 0.35403 0.57312
0.16646 0.54958 0.07338
0.36214 0.42914 0.19028
0.18451 0.97307 0.59928
0.79952 0.02708 0.34236
0.15590 0.18215 0.31508
0.05211 0.38822 0.64941
0.88356 0.48358 0.39116
0.51289 0.88696 0.21937
0.13207 0.70209 0.42681
0.50513 0.92831 0.90241
0.37858 0.01038 0.11583
0.09926 0.01503 0.28641
0.38253 0.39175 0.50649
0.86528 0.02308 0.71497
0.23408 0.28620 0.88508
0.52236 0.73082 0.26216
0.81492 0.77163 0.10988
0.83908 0.25241 0.93709
0.47098 0.80777 0.93131
0.11280 0.50391 0.04472
0.51352 0.22363 0.93645
0.44752 0.77939 0.91796
0.84602 0.38025 0.87437
0.75154 0.59860 0.29801
0.03760 0.87302 0.65997
0.57212 0.14762 0.68291
0.93004 0.24783 0.05328
0.06902 0.94163 0.15574
0.74074 0.36771 0.51721
0.13231 0.62970 0.78738
0.42219 0.83391 0.53296
0.29941 0.87498 0.16713
0.73458 0.64892 0.51687
0.62887 0.50359 0.52232
0.98361 0.58430 0.84253
0.95130 0.20891 0.78835
0.60588 0.10062 0.45428
0.32693 0.01002 0.04866
0.03093 0.12049 0.97608
0.22329 0.76083 0.09906
0.66857 0.70562 0.92196
0.01205 0.19910 0.33206
0.84678 0.83300 0.31561
0.89798 0.46882 0.82822
0.20237 0.84648 0.27392
0.34340 0.73612 0.25702
0.83984 0.35590 0.96587
0.33422 0.77630 0.21719
0.75471 0.21472 0.31858
0.40307 0.15488 0.04789
0.87633 0.72493 0.51888
0.71468 0.05928 0.01289
0.98912 0.04416 0.40802
0.29816 0.71245 0.97100
0.25154 0.59892 0.38658
0.47763 0.72127 0.16551
0.40424 0.53693 0.72773
0.11673 0.66280 0.28411
0.47408 0.40047 0.83301
0.34903 0.67707 0.76216
0.41662 0.77906 0.63911
0.69702 0.41260 0.97925
0.43637 0.45469 0.33554
0.80903 0.15212 0.48282
0.30717 0.36450 0.91444
0.88121 0.87792 0.50733
0.43590 0.55392 0.20796
0.37339 0.08143 0.53983
0.12861 0.90719 0.86787
0.05464 0.90289 0.80447
0.73224 0.53128 0.49917
0.20679 0.58163 0.12029
0.59226 0.95701 0.67283
0.97847 0.40970 0.58421
0.42989 0.58249 0.32584
0.99458 0.83093 0.37843
0.96183 0.13693 0.30072
0.97646 0.91710 0.54555
0.46940 0.32634 0.98719
0.86692 0.07824 0.48996
0.82469 0.25094 0.61419
0.40924 0.64659 0.29130
0.13519 0.55471 0.69888
0.48862 0.08488 0.60046
0.63637 0.07564 0.80374
0.34204 0.47812 0.78754
0.13072 0.10310 0.53596
0.42159 0.18711 0.70222
0.90706 0.17156 0.88149
0.54402 0.38853 0.98361
0.61255 0.84734 0.79059
0.50765 0.14305 0.38698
0.07074 0.81657 0.15022
0.49013 0.18245 0.84636
0.41710 0.78393 0.90405
0.63511 0.58298 0.17242
0.83913 0.52465 0.24870
0.80241 0.21091 0.86193
0.41976 0.48009 0.27363
0.36072 0.52455 0.50183
0.72873 0.57897 0.48620
0.40648 0.14787 0.35118
0.69033 0.31434 0.08130
0.47952 0.42079 0.10927
0.58335 0.50135 0.77790
0.83329 0.88415 0.58616
0.47103 0.41032 0.80233
0.25188 0.30394 0.04342
0.76056 0.96726 0.87476
0.72017 0.43453 0.85632
0.24371 0.44240 0.13670
0.71850 0.28476 0.59937
0.12388 0.89736 0.34108
0.46292 0.91655 0.85345
0.80389 0.09426 0.02310
0.00860 0.60946 0.23172
0.55663 0.88285 0.86829
0.19434 0.97727 0.94117
0.30848 0.26169 0.76593
0.14437 0.09200 0.75012
0.15719 0.43900 0.29396
0.61788 0.11738 0.79222
0.40165 0.79700 0.52591
0.95440 0.41195 0.70836
0.26462 0.60750 0.17817
0.63838 0.89576 0.90789
0.88017 0.45245 0.97311
0.88528 0.71556 0.03523
0.50960 0.08664 0.35815
0.50057 0.08085 0.08015
0.02899 0.59502 0.14931
0.41306 0.63859 0.13673
0.83819 0.05489 0.02072
0.35054 0.63090 0.72411
0.29958 0.27053 0.05171
0.32667 0.60140 0.40991
0.95931 0.74017 0.83953
0.79085 0.68532 0.94763
0.12852 0.93876 0.89085
0.04248 0.21560 0.06270
0.82475 0.92946 0.37632
0.46378 0.96534 0.09084
0.93160 0.54808 0.42440
0.09041 0.12497 0.88834
0.18284 0.90189 0.95624
0.66023 0.18094 0.05186
0.10791 0.51509 0.18021
0.93522 0.86960 0.76321
0.98054 0.06485 0.08955
0.89902 0.43181 0.51795
0.17191 0.91503 0.02704
0.30742 0.28204 0.06000
0.47838 0.41246 0.46930
0.61240 0.37456 0.23814
0.48846 0.12304 0.65127
0.59046 0.76157 0.05115
0.15069 0.82316 0.80593
0.28179 0.76522 0.29928
0.37663 0.88411 0.14983
0.32246 0.80816 0.31749
0.46383 0.83227 0.67285
0.94091 0.03226 0.53640
0.55700 0.39093 0.51003
0.67961 0.57603 0.68297
0.72530 0.54893 0.26949
0.43651 0.97654 0.70195
0.06412 0.95485 0.11214
0.93287 0.48083 0.86768
0.92199 0.13570 0.70082
0.22691 0.23016 0.03939
0.61194 0.10286 0.73337
0.28217 0.15505 0.77753
0.02581 0.72861 0.23390
0.60563 0.29286 0.80278
0.82847 0.27176 0.72092
0.37241 0.05773 0.93765
0.11758 0.94240 0.68329
0.93089 0.71014 0.13170
0.43508 0.95890 0.39518
0.90670 0.61218 0.68560
0.57282 0.66582 0.61663
0.14468 0.17766 0.62196
0.44417 0.32986 0.19260
0.85695 0.15038 0.74244
0.42692 0.78608 0.45771
0.05168 0.79806 0.25291
0.44563 0.38955 0.81686
0.61506 0.51774 0.55528
0.10955 0.45028 0.16585
0.65315 0.36929 0.24957
0.96140 0.43105 0.43011
0.82612 0.62899 0.44470
0.21161 0.39704 0.51225
0.61983 0.78653 0.80199
0.71768 0.32139 0.69665
0.94054 0.88455 0.58070
0.83654 0.15675 0.97283
0.33719 0.76343 0.63759
0.91940 0.85977 0.79864
0.26618 0.58567 0.95202
0.74650 0.30080 0.42458
0.13640 0.34953 0.37943
0.35105 0.21207 0.49980
0.95754 0.55995 0.01864
0.01154 0.70531 0.20814
0.33216 0.10335 0.06648
0.15402 0.30871 0.10180
0.95963 0.76891 0.08541
0.86174 0.57934 0.02064
0.48390 0.08463 0.87366
0.30178 0.46377 0.17975
0.87974 0.18035 0.84387
0.42115 0.84111 0.52650
0.46804 0.22244 0.94059
0.04218 0.69371 0.90346
0.12974 0.25314 0.81188
0.33976 0.77533 0.57696
0.57074 0.96964 0.89197
0.35712 0.88779 0.37044
0.44341 0.16680 0.01678
0.98067 0.23449 0.21340
0.94684 0.28369 0.16097
0.29839 0.33179 0.62615
0.73148 0.76606 0.81481
0.61961 0.29623 0.75586
0.07721 0.77366 0.84366
0.44638 0.34141 0.95677
0.02998 0.97528 0.00726
0.24886 0.66822 0.66728
0.28433 0.89941 0.89294
0.04827 0.54483 0.52879
0.32580 0.94469 0.21940
0.49067 0.93764 0.88311
0.74477 0.57035 0.98359
0.03482 0.83893 0.15657
0.93435 0.85384 0.15812
0.46504 0.10280 0.70752
0.73487 0.55313 0.24911
0.92898 0.38258 0.01160
0.02421 0.11736 0.21503
0.75982 0.27514 0.03038
0.60372 0.19776 0.89810
0.34857 0.50256 0.66644
0.61399 0.09886 0.41467
0.51165 0.50131 0.49680
0.95740 0.59561 0.25390
0.25039 0.55273 0.46308
0.54854 0.96851 0.18089
0.92177 0.98201 0.71846
0.95796 0.16182 0.85224
0.71743 0.63371 0.54040
0.46125 0.99180 0.98650
0.43880 0.16641 0.44184
0.93264 0.77520 0.29128
0.42367 0.43468 0.34825
0.26849 0.62115 0.19144
0.09794 0.70854 0.48136
0.76755 1.00753 0.16575
0.01200 0.12078 0.74684
0.50023 0.55866 0.78749
0.75805 0.42085 0.69445
0.71973 0.75735 0.66204
0.29275 0.33708 0.49612
0.99299 0.20195 0.88064
0.58218 0.20888 0.41517
0.65927 0.75233 0.02833
0.43923 0.94869 0.60209
0.50833 0.96839 0.20345
0.75758 0.69257 0.14980
0.84029 0.66638 0.57268
0.96151 0.71452 0.97874
0.94723 0.89453 0.44266
0.62526 0.65336 0.45141
0.25084 0.28041 0.68347
0.79151 0.12049 0.22727
0.73952 0.48524 0.87650
0.75286 0.66498 0.57806
0.42517 0.66672 0.29712
0.40333 0.64306 0.61344
0.15397 0.66298 0.89004
0.09114 0.90157 0.19400
0.70888 0.32846 0.58085
0.24731 0.03939 0.73762
0.70893 0.49709 0.87288
0.62244 0.31706 0.06464
0.27233 0.20541 0.99450
0.51061 0.90966 0.78364
0.85598 0.55671 0.71555
0.16854 0.70765 0.51127
0.30897 0.13184 0.92281
0.07444 0.86354 0.37985
0.61707 0.01491 0.84005
0.17951 0.92594 0.75387
0.27285 0.13355 0.36387
0.30310 0.69970 0.45253
0.01786 0.03892 0.29725
0.53757 0.77721 0.47326
0.54598 0.67731 0.27614
0.75740 0.02498 0.18839
0.76910 0.14256 0.52603
0.98556 0.31178 0.09838
0.73130 0.31292 0.86184
0.95890 0.30667 0.72774
0.74093 0.08544 0.64270
0.85749 0.80798 0.91634
0.50327 0.82702 0.41023
0.16517 0.57035 0.73352
0.54505 0.01724 0.56816
0.45201 0.60388 0.02573
0.81813 0.85641 0.50659
0.78790 0.19927 0.45165
0.40620 0.81055 0.12351
0.09114 0.17377 0.17846
0.32120 0.88443 0.81157
0.04041 0.61768 0.94042
0.14872 0.61439 0.74202
0.08462 0.08776 0.55844
0.28730 0.38391 0.96681
0.83652 0.44205 0.02691
0.85650 0.14728 0.90434
0.45297 0.21861 0.78817
0.71029 0.14334 0.33675
0.06462 0.61927 0.05522
0.49933 0.92463 0.94901
0.85935 0.12990 0.57333
0.13661 0.76490 0.61588
0.01151 0.03876 0.25573
0.44350 0.09856 0.66723
0.70503 0.31030 0.11580
0.63312 0.42294 0.92089
0.34196 0.08342 0.14778
0.71879 0.04299 0.96529
0.59456 0.36765 0.54877
0.62296 0.52536 0.81186
0.36582 0.98742 0.50888
0.90918 0.58558 0.21372
0.59191 0.76018 0.16831
0.30020 0.83078 0.72632
0.18843 0.27739 0.72400
0.19845 0.42195 0.09128
0.10782 0.44150 0.13901
0.14286 0.80894 0.00423
0.05106 0.44672 0.11959
0.78092 0.08277 0.23760
0.26706 0.16592 0.30289
0.84973 0.08918 0.00486
0.43771 0.86129 0.91600
0.33394 0.93411 0.09388
0.45648 0.59998 0.07819
0.49466 0.07419 0.13397
0.65481 0.83594 0.46207
0.37000 0.68650 0.58726
0.70611 0.22320 0.81211
0.54268 0.18976 0.03971
0.74570 0.86684 0.65162
0.47085 0.97483 0.08055
0.41190 0.75359 0.97522
0.66248 0.91594 0.38882
0.83705 0.54113 0.57491
0.55031 0.31280 0.78431
0.60117 0.03126 0.81224
0.82403 0.54215 0.45773
0.91370 0.32341 0.01091
0.83121 0.96991 0.51824
0.81736 0.02139 0.39004
0.71301 0.71682 0.29958
0.17200 0.90365 0.83385
0.82501 -0.30134 0.15787
0.68104 0.21068 0.97838
0.22584 0.05220 0.43996
0.07377 0.79898 0.67491
0.58358 0.35646 0.15485
0.98430 0.36510 0.63232
0.82076 0.85199 0.74227
0.31866 0.01202 0.13245
0.29541 0.30749 0.13261
0.22320 0.87899 0.56792
0.83856 0.28897 0.09287
0.80978 0.58394 0.66628
0.97147 0.92130 0.48810
0.97335 0.27528 0.20960
0.50678 0.92460 0.36035
0.66312 0.37245 0.13805
0.78859 0.19175 0.43216
0.57385 0.41507 0.84713
0.84087 0.44806 0.17950
0.60191 0.31021 0.73956
0.30883 0.56062 0.27039
0.01207 0.58964 0.21449
0.45818 0.81173 0.09723
0.17281 0.91779 0.02574
0.51428 0.96479 0.25494
0.24263 0.45475 0.30054
0.35846 0.25547 0.63242
0.63278 0.31896 0.55130
0.97592 0.93968 0.98887
0.77401 0.71901 0.49751
0.14657 0.13623 0.77625
-0.05126 -0.46178 0.00795
0.57153 0.40755 0.20900
0.60421 0.02966 0.65987
0.57548 0.52085 0.07296
0.82315 0.67802 0.37586
0.12174 0.73166 0.66489
0.77779 0.53160 0.71988
0.33975 0.66685 0.19283
0.12906 0.59323 0.69509
0.88347 0.28023 0.69106
-0.00223 0.61755 0.17105
0.71617 0.26381 0.51902
0.61388 0.70337 0.48516
0.92742 0.14985 0.17043
0.01732 0.28343 0.90286
0.11407 0.53823 0.80807
0.38985 0.01429 0.48345
0.63220 0.82395 0.78283
0.04289 0.61086 0.83342
0.14984 0.10306 0.61164
0.39764 0.74914 0.30016
0.15695 0.85434 0.11773
0.60337 0.02301 0.48484
0.70290 0.53426 0.94885
0.95127 0.52045 0.57141
0.70520 0.88904 0.01391
0.50652 0.82671 0.54263
0.34356 0.18359 0.98331
0.53915 0.48874 0.62025
0.04847 0.53944 0.01473
0.05589 0.13888 0.35626
0.09945 0.43264 0.56221
0.58477 0.76944 0.97448
0.99025 0.56838 0.11547
0.76030 0.71462 0.60976
0.57847 0.44187 0.07827
0.40384 0.51824 0.82340
0.39176 0.29151 0.08986
0.52397 0.68636 0.97535
0.32243 0.14279 0.44232
0.13259 0.38032 0.24436
0.58946 0.17113 0.13645
0.59468 0.34396 0.47710
0.16973 0.82708 0.92141
0.29076 0.69579 0.46474
0.31733 0.85101 0.95682
0.79336 0.07787 0.20224
0.43872 0.90034 0.99772
0.79272 0.02141 0.99371
0.49895 0.77646 0.51470
0.22718 0.05169 0.48858
0.15192 0.62878 0.46654
0.38260 0.22294 0.88784
0.01308 0.37794 0.39774
0.31095 0.05552 0.19122
0.33374 0.51629 0.73220
0.12083 0.65768 0.63092
0.22926 0.87686 0.61326
0.80502 0.04330 0.65472
0.71741 0.07306 0.70708
0.70176 0.53553 0.62289
0.51561 0.78808 0.16647
0.51477 0.74215 0.32044
0.83142 0.60550 0.03870
0.03029 0.90954 0.84578
0.74224 0.80291 0.75788
0.44150 0.61012 0.28895
0.83552 0.88179 0.20945
0.42919 0.57008 0.80858
0.79403 0.41526 0.14962
0.50981 0.73251 0.10779
0.01325 0.81566 0.39274
0.81429 0.27166 0.61088
0.82599 0.72302 0.48939
0.40146 0.50507 0.71280
0.48669 0.86398 0.58198
0.97592 0.01774 0.16268
0.67264 0.89311 0.83014
0.59555 0.89158 0.62435
0.18818 0.08315 0.35892
0.20460 0.33535 0.64135
0.69472 0.27503 0.47663
0.46469 0.61646 0.49191
0.88666 0.71248 0.84118
0.79370 0.09195 0.16002
0.52580 0.38336 0.27573
0.84306 0.03935 0.98992
0.32731 0.66765 0.86419
0.44335 0.46756 0.89636
0.98920 0.11394 0.18350
0.87619 0.54544 0.03485
0.46940 0.07799 0.24388
0.31242 0.01661 0.28352
0.58031 0.43379 0.39703
0.92778 0.58811 0.98292
0.70843 0.50782 0.48997
0.16410 -0.26367 0.82388
0.71605 0.90706 0.71600
0.27522 0.44317 0.06763
0.69256 0.10945 0.15867
0.06234 0.47419 0.89390
0.49606 0.12445 0.91086
0.16156 0.13648 0.43169
0.05677 0.96571 0.85353
0.91732 0.87762 0.23479
0.75873 0.90606 0.99417
0.35417 0.46795 0.56530
0.89549 0.93159 0.67206
0.07216 0.95854 0.86253
0.28243 0.20875 0.46522
0.43387 0.04829 0.76648
0.64793 0.70358 0.76167
0.77667 0.04415 0.94781
0.75590 0.05959 0.13555
0.27412 0.63913 0.04668
0.10658 0.50942 0.19953
0.70501 0.75118 0.44076
0.01814 0.22432 0.56353
0.12979 0.97839 0.64750
0.49522 0.44264 0.10891
0.13286 0.72672 0.82423
0.17145 0.33672 0.62697
0.42597 0.67941 0.47559
0.31000 0.54208 0.35038
0.35998 0.46676 0.06489
0.21481 0.52661 0.63389
0.53596 0.04381 0.03349
0.75896 0.30093 0.67136
0.36956 0.68416 0.61789
0.13359 0.72437 0.97772
0.68388 0.20209 0.07266
0.39208 0.68003 0.27339
0.01799 0.19322 0.62116
0.85569 0.97130 0.72267
0.95522 0.41176 0.06142
0.79174 0.08202 0.01036
0.25916 0.14439 0.88319
0.36379 0.37198 0.96029
0.18861 0.38392 0.64863
0.05735 0.12222 0.96975
0.69266 0.88033 0.15620
0.75136 0.66376 0.06931
0.41491 0.66875 0.31925
0.42737 0.60204 0.11442
0.25321 0.20337 0.67063
0.80593 0.08996 0.30313
0.53244 0.27304 0.74419
0.60144 0.37131 0.28851
0.43100 0.18426 0.67760
0.61346 0.69465 0.86350
0.03574 0.36926 0.57957
0.36173 0.59459 0.66350
0.04840 0.78609 0.61170
0.28976 0.73840 0.03555
0.18069 0.91355 0.82047
1.00983 0.25409 0.46726
0.15238 0.50419 0.23319
0.44646 0.31140 0.57986
0.62638 0.13230 0.64867
0.78004 0.21626 0.85002
0.40190 0.14434 0.40476
0.11884 0.60702 0.17292
0.23117 0.19944 0.20345
0.85133 0.15097 0.08116
0.51267 0.40258 0.43642
0.36015 0.89100 0.73239
0.29363 0.81495 0.69020
0.87088 0.42486 0.61927
0.86540 0.04281 0.40173
0.68326 0.82789 0.99209
0.01481 0.92365 0.91973
0.40794 0.29506 0.22178
0.67419 0.40520 0.11766
0.40320 0.21889 0.84780
0.16141 0.15211 0.98332
0.96235 0.09241 0.57637
0.15416 0.09925 0.01328
0.00992 0.09883 0.70535
0.02367 0.34580 0.56952
0.19950 0.71365 0.68802
0.30836 0.67983 0.24292
0.80766 0.86564 0.06098
0.43242 0.59826 0.83622
1.00256 0.67503 0.90956
0.51695 0.70263 0.41992
0.91019 0.97878 0.95684
0.69632 0.37918 0.63127
0.82917 0.69183 0.18822
0.63346 0.76855 0.24792
0.47846 0.42786 0.54313
0.32159 0.82089 0.90450
0.14376 0.93477 0.94126
0.61698 0.71815 0.25631
0.34992 0.28678 0.71031
0.47684 0.44825 0.61716
0.72252 0.15670 0.86031
0.13448 0.30310 0.58140
0.70414 0.50980 0.43094
0.85196 0.11360 0.80146
0.31228 0.90237 0.80480
0.30075 0.46211 0.94822
0.48370 0.09328 0.96593
0.58817 0.18966 0.58824
0.92262 0.76138 0.40557
0.34674 0.05638 0.85488
0.96644 0.03555 0.99096
0.65825 0.12019 0.17824
0.68543 0.04169 0.51017
0.25075 0.18852 0.31456
0.27175 0.56037 0.09790
0.78853 0.80223 0.81161
0.01841 0.01740 0.92818
0.40360 0.39121 0.38082
0.42555 0.35452 0.86325
0.87781 0.62993 0.78026
0.72367 0.54998 0.10260
0.53123 0.92214 0.12945
0.89595 0.71977 0.02347
0.11847 0.34954 0.41567
0.86231 0.15413 0.96436
0.72781 0.98673 0.85000
0.39327 0.56479 0.25403
0.23733 0.09798 0.52060
0.83807 1.06068 0.94605
0.78044 0.44795 0.66563
0.42436 0.34473 0.60005
0.03662 0.49440 0.77752
0.70986 0.50444 0.60778
0.28698 0.50889 0.47827
0.75602 0.07444 0.86257
0.04409 0.95683 0.61750
0.12677 0.95219 0.54568
0.71550 0.51081 0.72743
0.56909 0.49014 0.41168
0.97501 0.02779 0.31789
0.73832 0.12690 0.00948
0.72440 0.07854 0.81840
0.11076 0.19825 0.13702
0.98320 0.04206 0.85699
0.98175 0.93373 0.30381
0.33706 0.38137 0.14161
0.71797 0.55649 0.22618
0.98075 0.30666 0.07697
0.65370 0.80802 0.22873
0.20600 0.39680 0.61936
0.96842 0.87976 0.76054
0.87143 0.21063 0.95363
0.52162 0.14526 0.34541
0.48589 0.86265 0.15618
0.93467 0.81111 0.88950
0.23784 0.10733 0.56958
0.01750 0.55395 0.39681
0.34347 0.48174 0.58138
0.79102 0.30799 0.15598
0.33127 0.56960 0.83259
0.94849 0.67574 0.50389
0.49110 0.09323 0.86296
0.97678 0.88886 0.78883
0.51771 0.59415 0.36814
0.37562 0.94528 0.43472
0.55523 0.57453 0.48667
0.07277 0.74005 0.48690
0.07984 0.07149 0.73617
0.83326 0.11370 0.81944
0.36185 0.89631 0.21722
0.52061 0.65140 0.66773
0.19100 0.40492 0.62846
0.49754 0.85344 0.24647
0.50767 0.48318 0.48413
0.32668 0.67797 0.83450
0.93387 0.22369 0.31112
0.10869 0.61145 0.96986
0.88351 0.10854 0.12183
0.81340 0.98413 0.41462
0.32860 0.95087 0.63770
0.30515 0.88592 0.19833
0.38975 0.88835 0.23532
0.15416 0.86862 0.69331
0.92215 0.75374 0.30766
0.21193 0.02801 0.49007
0.01583 0.41169 0.57852
0.76496 0.18497 0.11801
0.45757 0.46292 0.64654
0.08008 0.61426 0.12039
0.58534 0.07759 0.14057
0.50371 0.09048 0.27012
0.14370 0.19104 0.30144
0.65264 0.92958 0.39710
0.46503 0.26765 0.13981
0.80366 0.37990 0.62703
0.14875 0.37720 0.29639
0.80193 0.49308 0.62710
0.66172 0.24517 0.94512
0.72372 0.10275 0.26006
0.29407 0.69718 0.27724
0.79206 0.83500 0.33638
0.51589 0.82193 0.16528
0.29184 0.38043 0.91850
0.02012 0.28403 0.27954
0.52696 0.16010 0.25044
0.16186 0.86634 0.35821
0.07606 0.27635 0.47626
0.30502 0.04073 0.47370
0.78149 0.79763 0.12278
0.71956 0.53971 0.73244
0.66343 0.70254 0.95760
0.46696 0.51732 0.33764
0.43728 0.39281 0.69243
0.43167 0.90664 0.68017
0.28139 0.77747 0.14559
0.80318 0.13710 0.75956
0.50910 0.65636 0.28188
0.53272 0.64220 0.54149
0.40202 0.81070 0.24464
0.04110 0.42878 0.27848
0.38026 0.15481 0.79551
0.84642 0.44373 0.01864
0.88973 0.06563 0.32375
0.94079 0.71688 0.69372
0.35362 0.25055 0.72964
0.56126 0.48624 0.57609
0.66167 0.52045 0.36198
0.29757 0.46810 0.43833
0.82169 0.52486 0.87124
0.39950 0.97175 0.36797
0.44734 0.27076 0.89269
0.28487 0.80368 0.37923
0.67064 0.84830 0.16189
0.71823 0.54586 0.58484
0.59885 0.53188 0.57628
0.71957 0.08260 0.63981
0.12683 0.32151 0.89100
0.42298 0.61423 0.24495
0.01565 0.16009 0.67458
0.60438 0.83255 0.75662
0.03149 0.42641 0.81067
0.66772 0.52658 0.70241
0.16980 0.45087 0.04344
0.80191 0.72123 0.45361
0.98699 0.67719 0.07587
0.20046 0.02768 0.22078
0.43251 0.92282 0.85253
0.49259 0.92862 0.27565
0.04147 0.61779 0.25760
0.42037 0.56546 0.37533
0.47289 0.25585 0.14925
0.49007 0.55727 0.44468
0.91748 0.77698 0.60857
0.31326 0.88873 0.47141
0.27587 0.20775 0.79582
0.26220 0.87329 0.04736
0.96985 0.53706 0.20239
0.78161 0.55640 0.19802
0.83864 0.66443 0.24828
0.75022 0.75917 0.20273
0.97783 0.20704 0.02818
0.39059 0.21800 0.91163
0.27132 0.02595 0.63115
0.29479 0.73430 0.60231
0.91750 0.21096 0.15612
0.01257 0.42291 0.13030
0.61863 0.59548 0.61385
0.11652 0.19982 0.17866
0.97200 0.36951 0.07471
0.33845 0.87875 0.79312
0.79321 0.08662 0.09382
0.68250 0.66622 0.28825
0.95207 0.21243 0.41412
0.76572 0.52205 0.59269
0.80261 0.29369 0.96749
0.79399 0.73319 0.70265
0.52994 0.72363 0.89159
0.10209 0.95714 0.99350
0.09033 0.79839 0.16376
0.79458 0.78617 0.84594
0.26518 0.70807 0.50851
0.07131 0.33966 0.12374
0.89965 0.34437 0.56557
0.58466 0.19783 0.38962
0.46065 0.79628 0.56124
0.76085 0.25754 0.51057
0.74419 0.74808 0.99539
0.62108 0.51082 0.96585
0.45293 0.58152 0.64837
0.24353 0.87257 0.09969
0.05281 0.40865 0.10989
0.30479 0.69919 0.90202
0.53138 0.06470 0.69325
0.01708 0.42745 0.71957
0.57302 0.39451 0.06051
0.85055 0.75896 0.23488
0.82878 0.02686 0.97489
0.71166 0.23892 0.91731
0.56723 0.86877 0.76484
0.36793 0.53930 0.74529
0.85097 0.06847 0.52805
0.34401 0.36601 0.84707
0.96103 0.36660 0.42429
0.14113 0.91647 0.13239
0.38092 0.70953 0.52423
0.24457 0.71518 0.29301
0.95226 0.65419 0.80563
0.63106 0.09316 0.11730
0.41289 0.53490 0.88009
0.79296 0.38139 0.92777
0.40755 0.85941 0.50854
0.58079 0.83612 0.60099
0.43873 0.96791 0.50710
0.03713 0.22251 0.46393
0.33141 0.66268 0.54522
0.46250 0.71104 0.79000
0.07474 0.72219 0.38091
0.75274 0.60220 0.90913
0.43625 0.96886 0.88368
0.29447 0.27480 0.76789
0.68261 0.93678 0.64596
0.15503 0.22385 0.78557
0.35899 0.54193 0.48548
0.62433 0.26191 0.25532
0.36156 0.41065 0.69544
0.58410 0.37142 0.64901
0.52650 0.36220 0.58138
0.58845 0.91063 0.90138
0.33549 0.88639 0.24326
0.27340 0.71423 0.57404
0.27697 0.77252 0.73021
0.97918 0.21429 0.00463
0.40302 0.29776 0.90213
0.88591 0.45339 0.68771
0.53233 0.13001 0.31821
0.16890 0.25421 0.18773
0.72326 0.05650 0.85926
0.47172 0.43187 0.20145
0.43566 0.31468 0.76936
0.90866 0.53285 0.45744
0.88620 0.45935 0.35716
0.54412 0.84111 0.26530
0.51531 0.24602 0.24200
0.42733 0.56533 0.09154
0.96860 0.94133 0.28914
0.93134 0.57677 0.04823
0.31222 0.56009 0.83432
0.66272 0.84292 0.80917
0.59897 0.55816 0.10079
0.41432 0.73757 0.69500
0.45297 0.17220 0.45738
0.25075 0.42734 0.38509
