0.05429 0.13220 0.70927
0.30395 0.85884 0.13581
0.66293 0.60094 0.99480
0.84704 0.10617 0.13771
0.50067 0.49202 0.65183
0.65333 0.67146 0.06739
0.81281 0.08473 0.33474
0.12290 0.53247 0.01372
0.14878 0.16956 0.81111
0.88452 0.19079 0.25092
0.14075 0.25807 0.63348
0.76216 0.03506 0.31549
0.78092 0.42994 0.21622
0.29626 0.55848 0.01730
0.13147 0.49139 0.06882
0.83052 0.79408 0.50260
0.08389 0.66777 0.50966
0.84805 0.94203 0.87759
0.15937 0.17696 0.72386
0.50576 0.61958 0.30589
0.59682 0.04805 0.44439
0.27712 0.78597 0.40186
0.23055 0.72015 0.34250
0.65086 0.09518 0.30593
0.65949 0.48908 0.32331
0.36698 0.78249 0.36187
0.94224 0.03289 0.33400
0.35721 0.08674 0.43065
0.68263 0.10690 0.01725
0.76705 0.52274 0.99773
0.51610 0.27339 0.36333
0.40894 0.96325 0.25046
0.97968 0.03876 0.38376
0.48442 0.52048 0.93021
0.04024 0.59596 0.32789
0.46761 0.96362 0.33115
0.97384 0.91996 0.03680
0.15148 0.78084 0.34207
0.96708 0.46273 0.75349
0.75504 0.93777 0.91890
0.39139 0.29310 0.45545
0.98168 0.78593 0.15511
0.08715 0.67409 0.07699
0.28683 0.10568 0.79846
0.45738 0.90837 0.69729
0.72409 0.99146 0.43996
0.16933 0.92208 0.41014
0.96020 0.75157 0.51357
0.70640 0.82439 0.26458
0.36334 0.78344 0.73328
0.13371 0.39571 0.47208
0.68840 0.97569 0.56361
0.83383 0.37184 0.25289
0.34402 0.26891 0.45128
0.70669 0.77510 0.42663
0.81119 0.16577 0.67484
0.21744 0.73314 0.71774
0.86659 0.04669 0.93488
0.61896 0.63886 0.62136
0.63898 0.60947 0.18695
0.37619 0.95585 0.41946
0.95804 0.69368 0.05659
0.79030 0.55739 0.18769
0.05064 0.66301 0.54329
0.11422 0.00098 0.85953
0.25040 0.02158 0.33360
0.31187 0.22157 0.13840
0.83364 0.94579 0.70041
0.42134 0.25978 0.81981
0.02496 0.51459 0.64849
0.35910 0.31881 0.44098
0.67754 0.84658 0.35446
0.30527 0.44773 0.59889
0.80533 0.45508 0.14082
0.63389 0.80722 0.43936
0.42645 0.56917 0.21208
0.35652 0.31067 0.16730
0.88025 0.13021 0.94432
0.09001 0.61983 0.16570
0.70736 0.56272 0.44989
0.65912 0.17898 0.03085
0.27086 0.95524 0.76367
0.33325 0.18053 0.53153
0.39059 0.00403 0.36383
0.67903 0.52098 0.73356
0.54950 0.07755 0.15968
0.07347 0.68643 0.81733
0.45514 0.33591 0.90577
0.57153 0.86915 0.01570
0.09549 0.72509 0.64287
0.81668 0.46577 0.94133
0.69908 0.09508 0.96883
0.61668 0.34790 0.04190
0.43985 0.09921 0.72356
0.94357 0.81235 0.45976
0.08885 0.01629 0.42672
0.12440 0.59424 0.26685
0.25358 0.79194 0.97875
0.02760 0.81534 0.88615
0.52754 0.64671 0.65640
