0.05442 0.13224 0.70927
0.30397 0.85868 0.13581
0.66246 0.60108 0.99480
0.84696 0.10621 0.13771
0.50054 0.49231 0.65183
0.65321 0.67121 0.06739
0.81294 0.08488 0.33474
0.12294 0.53248 0.01372
0.15029 0.17062 0.81111
0.88437 0.19066 0.25092
0.14085 0.25803 0.63348
0.76217 0.03526 0.31549
0.78111 0.43026 0.21622
0.29628 0.55848 0.01730
0.13147 0.49162 0.06882
0.83045 0.79406 0.50260
0.08596 0.67310 0.50966
0.84665 0.94228 0.87759
0.15799 0.17601 0.72386
0.50595 0.61971 0.30589
0.59682 0.04826 0.44439
0.27665 0.78603 0.40186
0.22994 0.72084 0.34250
0.65119 0.09533 0.30593
0.07765 -0.46113 0.32331
-0.11193 0.90557 0.36187
0.94229 0.03302 0.33400
0.35721 0.08686 0.43065
0.68296 0.10646 0.01725
0.76702 0.52282 0.99773
0.51752 0.27190 0.36333
0.40884 0.96305 0.25046
0.97935 0.03879 0.38376
0.48456 0.52030 0.93021
0.04029 0.59445 0.32789
0.46748 0.96341 0.33115
0.97373 0.91987 0.03680
0.15156 0.78067 0.34207
0.96696 0.46274 0.75349
0.75498 0.93774 0.91890
0.39112 0.29316 0.45545
0.98137 0.78582 0.15511
0.08391 0.66966 0.07699
0.28693 0.10576 0.79846
0.45734 0.90842 0.69729
0.72395 0.99120 0.43996
0.16943 0.92196 0.41014
0.96018 0.75170 0.51357
0.70615 0.82436 0.26458
0.84210 0.66033 0.73328
0.13378 0.39577 0.47208
0.68861 0.97561 0.56361
0.83371 0.37196 0.25289
0.34421 0.26912 0.45128
0.70660 0.77522 0.42663
0.81123 0.16567 0.67484
0.21809 0.73257 0.71774
0.86649 0.04691 0.93488
0.61922 0.63866 0.62136
0.63931 0.60950 0.18695
0.37643 0.95576 0.41946
0.95795 0.69381 0.05659
0.79006 0.55719 0.18769
0.05176 0.66485 0.54329
0.11399 0.00125 0.85953
0.25045 0.02172 0.33360
0.31207 0.22159 0.13840
0.83483 0.94535 0.70041
0.42116 0.26000 0.81981
0.02515 0.51470 0.64849
0.35796 0.31432 0.44098
0.67765 0.84631 0.35446
0.30531 0.44774 0.59889
0.80595 0.45582 0.14082
0.63401 0.80723 0.43936
0.42654 0.56914 0.21208
0.35804 0.31466 0.16730
0.87996 0.13015 0.94432
0.09005 0.62002 0.16570
0.70722 0.56267 0.44989
0.65913 0.17890 0.03085
0.27092 0.95510 0.76367
0.33323 0.18072 0.53153
0.39059 0.00419 0.36383
1.26095 1.47143 0.73356
0.54959 0.07760 0.15968
0.07446 0.68508 0.81733
0.45354 0.33738 0.90577
0.57156 0.86906 0.01570
0.09548 0.72469 0.64287
0.81557 0.46491 0.94133
0.69837 0.09557 0.96883
0.61665 0.34794 0.04190
0.43981 0.09929 0.72356
0.94360 0.81218 0.45976
0.08922 0.01621 0.42672
0.12423 0.59437 0.26685
0.25408 0.79169 0.97875
0.02773 0.81522 0.88615
0.52746 0.64646 0.65640
