0.04162 0.13564 0.70927
0.26548 0.86133 0.13581
0.66330 0.59969 0.99480
0.84216 0.12050 0.13771
0.53997 0.51059 0.65183
0.64715 0.66984 0.06739
0.80207 0.08098 0.33474
0.12518 0.53652 0.01372
0.16040 0.15455 0.81111
0.87587 0.26340 0.25092
0.14234 0.26648 0.63348
0.74716 0.05274 0.31549
0.55896 0.62063 0.21622
0.30870 0.55811 0.01730
0.13341 0.49120 0.06882
0.79762 0.78333 0.50260
0.08639 0.67452 0.50966
0.84818 0.93678 0.87759
0.16843 0.17439 0.72386
0.50618 0.61574 0.30589
0.59556 0.05586 0.44439
0.27416 0.77014 0.40186
0.28684 0.71706 0.34250
0.64372 0.09936 0.30593
0.67507 0.50738 0.32331
0.37059 0.77734 0.36187
0.93487 0.05965 0.33400
0.35828 0.09683 0.43065
0.66179 0.11750 0.01725
0.76929 0.52175 0.99773
0.46751 0.30840 0.36333
0.39839 0.94717 0.25046
0.97290 0.04103 0.38376
0.44906 0.60276 0.93021
0.05963 0.61454 0.32789
0.47511 0.94462 0.33115
0.94540 0.94215 0.03680
0.15492 0.78073 0.34207
0.95531 0.46269 0.75349
0.75090 0.93310 0.91890
0.39685 0.29088 0.45545
0.96820 0.78106 0.15511
0.07502 0.66627 0.07699
0.28929 0.11340 0.79846
0.45934 0.90552 0.69729
0.73386 0.98047 0.43996
0.17744 0.92276 0.41014
0.95055 0.74594 0.51357
0.76189 0.85358 0.26458
0.34534 0.77676 0.73328
0.13863 0.38719 0.47208
0.69487 0.95148 0.56361
0.83005 0.38431 0.25289
0.34878 0.27073 0.45128
0.76551 0.65676 0.42663
0.79913 0.17650 0.67484
0.22112 0.72983 0.71774
0.85288 0.06157 0.93488
0.62184 0.64995 0.62136
0.66235 0.62451 0.18695
0.37824 0.94536 0.41946
0.94755 0.69940 0.05659
0.77250 0.55889 0.18769
0.09148 0.62038 0.54329
0.10597 0.04568 0.85953
0.24210 0.04188 0.33360
0.31316 0.22548 0.13840
0.82530 0.94369 0.70041
0.42761 0.26671 0.81981
0.01332 0.50228 0.64849
0.36526 0.32085 0.44098
0.66786 0.84050 0.35446
0.31452 0.45165 0.59889
0.79679 0.45606 0.14082
0.63532 0.80427 0.43936
0.39980 0.57166 0.21208
0.35744 0.31091 0.16730
0.86953 0.13242 0.94432
0.09727 0.61309 0.16570
0.71539 0.55287 0.44989
0.66412 0.20053 0.03085
0.27715 0.93704 0.76367
0.33243 0.18379 0.53153
0.37995 0.01152 0.36383
0.68047 0.49840 0.73356
0.54589 0.08609 0.15968
0.09102 0.66856 0.81733
0.47561 0.29280 0.90577
0.59117 0.75626 0.01570
0.11106 0.72281 0.64287
0.81088 0.47067 0.94133
0.70178 0.10158 0.96883
0.63296 0.34521 0.04190
0.44891 0.11682 0.72356
0.97142 0.71947 0.45976
0.10074 0.02274 0.42672
0.15994 0.58201 0.26685
0.26141 0.77992 0.97875
0.03818 0.80795 0.88615
0.54594 0.63212 0.65640
0.16916 0.63547 0.24034
0.28072 0.54450 0.04590
0.50099 0.73942 0.93370
0.46168 0.15863 0.70331
0.49505 0.07765 0.24938
0.06207 0.64430 0.35806
0.11130 0.62877 0.34954
0.55401 0.10849 0.58577
0.83169 0.78641 0.51281
0.84319 0.55784 0.06792
0.52856 0.96357 0.60720
0.00138 0.61421 0.01159
0.53657 0.83244 0.34200
0.68291 0.92012 0.43543
0.49292 0.54544 0.97499
0.70275 0.81125 0.70403
0.32389 0.55813 0.47236
0.39969 0.11523 0.96451
0.74217 0.75339 0.86461
0.69878 0.63338 0.41096
0.42774 0.26673 0.98571
0.34713 0.47619 0.08748
0.74419 0.27546 0.97894
0.49185 0.51103 0.59656
0.78111 0.49122 0.96576
0.18250 0.94821 0.09258
0.94237 0.34576 0.54404
0.57754 0.35638 0.56273
0.49875 0.20618 0.06695
0.79663 0.90308 0.28958
0.45011 0.41763 0.51293
0.44081 0.24283 0.23583
0.56274 0.28159 0.41378
0.41352 0.63761 0.29430
0.98264 0.09105 0.47574
0.45175 0.42673 0.93107
0.64028 0.35053 0.58797
0.95465 0.99022 0.31751
0.38252 0.93916 0.07278
0.95303 0.64738 0.11816
0.65244 0.32695 0.49488
0.31750 0.64259 0.18879
0.31198 0.15317 0.20325
0.17797 0.78892 0.27734
0.47489 0.55380 0.85598
0.18160 0.05112 0.03835
0.36255 0.90000 0.67984
0.64706 0.40777 0.61241
0.67501 0.44074 0.34715
0.28009 0.05437 0.03029
0.35457 0.85999 0.09339
0.81391 0.71018 0.53679
0.38447 0.74845 0.60066
0.43746 0.24530 0.55356
0.68734 0.35181 0.57312
0.16365 0.55618 0.07338
0.36494 0.43024 0.19028
0.18369 0.93460 0.59928
0.81486 0.02233 0.34236
0.15851 0.18544 0.31508
-0.34716 -0.41941 0.64941
0.88046 0.48427 0.39116
0.51294 0.88628 0.21937
0.13153 0.70383 0.42681
0.50489 0.92974 0.90241
0.37937 0.01615 0.11583
0.11466 0.02098 0.28641
0.38691 0.38827 0.50649
0.86434 0.02642 0.71497
0.23518 0.28611 0.88508
0.51024 0.71306 0.26216
0.81321 0.76963 0.10988
0.83202 0.25567 0.93709
0.46469 0.80772 0.93131
0.11797 0.50419 0.04472
0.51606 0.22250 0.93645
0.45077 0.77325 0.91796
0.83803 0.37205 0.87437
0.76576 0.58418 0.29801
0.04232 0.87216 0.65997
0.57274 0.15061 0.68291
0.91911 0.25247 0.05328
0.07385 0.93424 0.15574
0.72269 0.37999 0.51721
0.13523 0.62631 0.78738
0.42249 0.83090 0.53296
0.29867 0.87023 0.16713
0.76386 0.61822 0.51687
0.62324 0.50891 0.52232
0.97555 0.58473 0.84253
0.95354 0.21272 0.78835
0.60598 0.10608 0.45428
0.32012 0.02157 0.04866
0.07037 0.12168 0.97608
0.23640 0.80205 0.09906
0.66752 0.70570 0.92196
0.02037 0.20177 0.33206
0.84989 0.82950 0.31561
0.89745 0.46515 0.82822
0.19961 0.85444 0.27392
0.35287 0.73162 0.25702
0.84292 0.34889 0.96587
0.33309 0.77446 0.21719
0.75408 0.21834 0.31858
0.41349 0.16230 0.04789
0.87712 0.71443 0.51888
0.71865 0.07200 0.01289
0.98466 0.04643 0.40802
0.31932 0.64285 0.97100
0.26714 0.59465 0.38658
0.48497 0.71683 0.16551
0.40419 0.53700 0.72773
0.11959 0.66309 0.28411
0.46812 0.40060 0.83301
0.35715 0.67473 0.76216
0.41469 0.76990 0.63911
0.69528 0.40376 0.97925
0.26092 0.88286 0.33554
0.80500 0.15303 0.48282
0.28726 0.36908 0.91444
0.87993 0.86793 0.50733
0.44502 0.56191 0.20796
0.38181 0.07884 0.53983
0.13149 0.90328 0.86787
0.07029 0.88309 0.80447
0.73100 0.53096 0.49917
0.20790 0.58680 0.12029
0.60312 0.85893 0.67283
0.97356 0.40896 0.58421
0.41861 0.59686 0.32584
0.99336 0.82848 0.37843
0.96315 0.14491 0.30072
0.98756 0.93468 0.54555
0.47012 0.32148 0.98719
0.87418 0.07315 0.48996
0.80528 0.24614 0.61419
0.40902 0.64610 0.29130
0.13672 0.55819 0.69888
0.47845 0.12821 0.60046
0.63892 0.08300 0.80374
0.34415 0.47662 0.78754
0.13891 0.09905 0.53596
0.43709 0.21567 0.70222
0.90163 0.17618 0.88149
0.54432 0.38675 0.98361
0.59924 0.84043 0.79059
0.50576 0.14503 0.38698
0.04805 0.81031 0.15022
0.48854 0.18711 0.84636
0.42573 0.77630 0.90405
0.62626 0.57676 0.17242
0.83756 0.53186 0.24870
0.79919 0.21828 0.86193
0.42181 0.48121 0.27363
0.34468 0.55101 0.50183
0.72797 0.57939 0.48620
0.41099 0.13872 0.35118
0.69149 0.31382 0.08130
0.47591 0.42036 0.10927
0.58378 0.49075 0.77790
0.79314 0.71135 0.58616
0.46564 0.41052 0.80233
0.25895 0.30451 0.04342
0.76235 0.95394 0.87476
0.71733 0.43137 0.85632
0.23904 0.42578 0.13670
0.71711 0.28238 0.59937
0.12519 0.89675 0.34108
0.46438 0.91421 0.85345
0.79696 0.09090 0.02310
0.01323 0.60674 0.23172
0.55743 0.87552 0.86829
0.21404 0.96538 0.94117
0.29436 0.26033 0.76593
0.13307 0.06682 0.75012
0.16033 0.44012 0.29396
0.61435 0.12628 0.79222
0.39943 0.79516 0.52591
0.94796 0.41085 0.70836
0.26429 0.59371 0.17817
0.63394 0.89070 0.90789
0.81895 0.43278 0.97311
0.89724 0.71235 0.03523
0.50637 0.09143 0.35815
0.49653 0.08513 0.08015
0.04481 0.59031 0.14931
0.41416 0.63772 0.13673
0.82944 0.05993 0.02072
0.36149 0.61215 0.72411
0.29140 0.26976 0.05171
0.33679 0.61031 0.40991
0.94832 0.73521 0.83953
0.78744 0.68583 0.94763
0.12257 0.92205 0.89085
0.03452 0.20764 0.06270
0.82389 0.92268 0.37632
0.47638 0.95045 0.09084
0.94416 0.57053 0.42440
0.09292 0.12697 0.88834
0.15584 0.90632 0.95624
0.67168 0.21787 0.05186
0.11513 0.51530 0.18021
0.93280 0.89344 0.76321
0.97667 0.06724 0.08955
0.91442 0.44031 0.51795
0.17060 0.91589 0.02704
0.30386 0.28780 0.06000
0.46876 0.41548 0.46930
0.64329 0.41217 0.23814
0.48702 0.12132 0.65127
0.59079 0.76303 0.05115
0.14958 0.82034 0.80593
0.28016 0.76160 0.29928
0.38072 0.86843 0.14983
0.33747 0.80121 0.31749
0.46950 0.82443 0.67285
0.93017 0.03505 0.53640
0.55906 0.38954 0.51003
0.67955 0.57623 0.68297
0.72236 0.54966 0.26949
0.44149 0.96656 0.70195
0.06773 0.94962 0.11214
0.92899 0.47837 0.86768
0.91796 0.13934 0.70082
0.23888 0.21439 0.03939
0.61493 0.11098 0.73337
0.28286 0.15899 0.77753
0.03172 0.72049 0.23390
0.61045 0.29312 0.80278
0.81490 0.28004 0.72092
0.37626 0.06511 0.93765
0.11133 0.93321 0.68329
0.92124 0.68295 0.13170
0.41217 0.95815 0.39518
0.90438 0.61239 0.68560
0.56714 0.66154 0.61663
0.14923 0.17736 0.62196
0.44495 0.33730 0.19260
0.85147 0.15486 0.74244
0.73529 0.62765 0.45771
0.06186 0.79222 0.25291
0.44769 0.39577 0.81686
0.61442 0.51467 0.55528
0.10974 0.44818 0.16585
0.64334 0.37140 0.24957
1.00726 0.39604 0.43011
0.82572 0.63679 0.44470
0.21630 0.39373 0.51225
0.61528 0.78878 0.80199
0.71305 0.32708 0.69665
0.93902 0.87822 0.58070
0.83282 0.16142 0.97283
0.33892 0.76190 0.63759
0.91343 0.85817 0.79864
0.28226 0.59519 0.95202
0.70531 0.31800 0.42458
0.13976 0.35250 0.37943
0.34878 0.21637 0.49980
0.92980 0.54973 0.01864
0.03130 0.71508 0.20814
0.33498 0.10302 0.06648
0.15372 0.31048 0.10180
0.95270 0.76981 0.08541
0.85699 0.57964 0.02064
0.49322 0.08376 0.87366
0.30200 0.51791 0.17975
0.87683 0.18475 0.84387
0.41539 0.83276 0.52650
0.46943 0.22559 0.94059
0.04805 0.69427 0.90346
0.13460 0.25676 0.81188
0.34640 0.77850 0.57696
0.59444 0.98168 0.89197
0.36289 0.88075 0.37044
0.42829 0.19037 0.01678
0.97346 0.23723 0.21340
0.92182 0.27383 0.16097
0.24885 0.33030 0.62615
1.01217 0.75934 0.81481
0.62760 0.29608 0.75586
0.07541 0.76889 0.84366
0.44064 0.30768 0.95677
0.03710 0.97066 0.00726
0.23843 0.66079 0.66728
0.28292 0.89896 0.89294
0.04897 0.54851 0.52879
0.33227 0.93924 0.21940
0.48910 0.93445 0.88311
0.67921 0.59698 0.98359
0.03903 0.83568 0.15657
0.89947 0.69278 0.15812
0.46654 0.11654 0.70752
0.73506 0.55403 0.24911
0.95404 0.36812 0.01160
0.00482 0.11820 0.21503
0.75961 0.30097 0.03038
0.60632 0.19971 0.89810
0.36430 0.50846 0.66644
0.61581 0.10600 0.41467
0.50858 0.50189 0.49680
0.95354 0.59061 0.25390
0.25583 0.55440 0.46308
0.54516 0.96502 0.18089
0.91944 0.97694 0.71846
0.96756 0.15727 0.85224
0.71106 0.63553 0.54040
0.46061 0.98756 0.98650
0.44867 0.17309 0.44184
0.92568 0.77574 0.29128
0.43325 0.42241 0.34825
0.27455 0.62103 0.19144
0.11074 0.72028 0.48136
0.76276 1.00259 0.16575
0.02192 0.12277 0.74684
0.50030 0.55393 0.78749
0.72151 0.43962 0.69445
0.72701 0.77897 0.66204
0.28556 0.34223 0.49612
0.98515 0.20379 0.88064
0.57833 0.21538 0.41517
0.65255 0.72904 0.02833
0.43837 0.94537 0.60209
0.46740 0.94186 0.20345
0.75767 0.69125 0.14980
0.81909 0.67192 0.57268
0.95198 0.71108 0.97874
0.94855 0.89900 0.44266
0.60838 0.64663 0.45141
0.25546 0.28184 0.68347
0.79517 0.12837 0.22727
0.73539 0.48213 0.87650
0.75017 0.66701 0.57806
0.42703 0.67278 0.29712
0.40186 0.63816 0.61344
0.15908 0.66597 0.89004
0.11278 0.89230 0.19400
0.69814 0.33325 0.58085
0.23510 0.02959 0.73762
0.70336 0.49345 0.87288
0.63357 0.32411 0.06464
0.27176 0.20818 0.99450
0.51291 0.90820 0.78364
0.85587 0.55159 0.71555
0.16754 0.70532 0.51127
0.30932 0.13630 0.92281
0.07527 0.84998 0.37985
0.58023 0.15459 0.84005
0.18572 0.91683 0.75387
0.27217 0.13643 0.36387
0.31467 0.68725 0.45253
0.02308 0.04258 0.29725
0.53927 0.77374 0.47326
0.54761 0.67798 0.27614
0.75716 0.03107 0.18839
0.76570 0.14926 0.52603
0.97867 0.31059 0.09838
0.73015 0.31109 0.86184
0.95093 0.30604 0.72774
0.73971 0.08470 0.64270
0.85198 0.80134 0.91634
0.51717 0.83965 0.41023
0.12850 0.59992 0.73352
0.54002 0.02089 0.56816
0.48513 0.53226 0.02573
0.81412 0.85485 0.50659
0.78495 0.20630 0.45165
0.40578 0.80860 0.12351
0.08226 0.16292 0.17846
0.37144 0.90553 0.81157
0.04430 0.61771 0.94042
0.15576 0.61275 0.74202
0.08564 0.09214 0.55844
0.28747 0.37267 0.96681
0.82766 0.44600 0.02691
0.85278 0.15057 0.90434
0.45192 0.21912 0.78817
0.70870 0.15639 0.33675
0.06924 0.61728 0.05522
0.49292 0.93082 0.94901
0.85211 0.12659 0.57333
0.16603 0.72688 0.61588
0.01752 0.04267 0.25573
0.44807 0.10573 0.66723
0.71764 0.33592 0.11580
0.61556 0.40779 0.92089
0.36331 0.08830 0.14778
0.71660 0.05089 0.96529
0.59429 0.36115 0.54877
0.62723 0.51759 0.81186
0.36550 0.98005 0.50888
0.90486 0.58338 0.21372
0.61923 0.75804 0.16831
0.32275 0.74519 0.72632
0.19993 0.28860 0.72400
0.20207 0.42712 0.09128
0.11182 0.44116 0.13901
0.14168 0.81258 0.00423
0.05731 0.43636 0.11959
0.77866 0.08411 0.23760
0.26314 0.16614 0.30289
0.84394 0.09395 0.00486
0.43562 0.85984 0.91600
0.61104 0.98357 0.09388
0.45723 0.59181 0.07819
0.49447 0.08002 0.13397
0.66522 0.82896 0.46207
0.37164 0.69306 0.58726
0.69951 0.22245 0.81211
0.54447 0.19386 0.03971
0.74627 0.86153 0.65162
0.47869 0.94134 0.08055
0.40903 0.75609 0.97522
0.66206 0.91359 0.38882
0.83975 0.54733 0.57491
0.54920 0.31545 0.78431
0.59862 0.04534 0.81224
0.82437 0.53556 0.45773
0.93710 0.29855 0.01091
0.81640 0.95339 0.51824
0.81357 0.02055 0.39004
0.55925 0.09352 0.29958
0.17403 0.88325 0.83385
0.81654 -0.29427 0.15787
0.68048 0.21803 0.97838
0.23427 0.05355 0.43996
0.06833 0.80376 0.67491
0.58508 0.35301 0.15485
0.96906 0.37078 0.63232
0.81794 0.84867 0.74227
0.33579 0.01331 0.13245
0.29664 0.30996 0.13261
0.22022 0.86443 0.56792
-0.06701 0.85077 0.09287
0.82909 0.59181 0.66628
0.97991 0.91320 0.48810
0.96245 0.27760 0.20960
0.50497 0.92082 0.36035
0.65968 0.37753 0.13805
0.78463 0.19735 0.43216
0.57698 0.41367 0.84713
0.83645 0.45547 0.17950
0.60435 0.31416 0.73956
0.32322 0.56713 0.27039
0.03457 0.56896 0.21449
0.46165 0.80430 0.09723
0.17622 0.91076 0.02574
0.50805 0.95804 0.25494
0.24395 0.45924 0.30054
0.36222 0.23077 0.63242
0.62092 0.32355 0.55130
0.97492 0.91062 0.98887
0.77224 0.72354 0.49751
0.13463 0.14114 0.77625
-0.05319 -0.45195 0.00795
0.57807 0.40576 0.20900
0.60347 0.02982 0.65987
0.59086 0.52269 0.07296
0.81990 0.67732 0.37586
0.12501 0.72898 0.66489
1.00805 0.41174 0.71988
0.33864 0.66534 0.19283
0.12240 0.59865 0.69509
0.89098 0.29083 0.69106
0.00439 0.61878 0.17105
0.70707 0.19469 0.51902
0.61180 0.70145 0.48516
0.92386 0.15468 0.17043
0.01350 0.27488 0.90286
0.11726 0.54395 0.80807
0.39154 0.02024 0.48345
0.63279 0.81911 0.78283
0.04727 0.60411 0.83342
0.79616 -0.12465 0.61164
0.40336 0.73821 0.30016
0.16198 0.85323 0.11773
0.60197 0.01989 0.48484
0.69165 0.53173 0.94885
0.94276 0.52277 0.57141
0.70362 0.88570 0.01391
0.51421 0.82539 0.54263
0.38184 0.22504 0.98331
0.53673 0.48552 0.62025
0.05049 0.54478 0.01473
0.04167 0.15201 0.35626
0.07921 0.42531 0.56221
0.58842 0.78974 0.97448
0.98265 0.56849 0.11547
0.76282 0.71923 0.60976
0.58119 0.44484 0.07827
0.39681 0.51408 0.82340
0.39431 0.28546 0.08986
0.48347 0.71805 0.97535
0.32371 0.14628 0.44232
0.13275 0.38628 0.24436
0.58972 0.17512 0.13645
0.55409 0.30899 0.47710
0.17309 0.82622 0.92141
0.29099 0.69262 0.46474
0.31832 0.84868 0.95682
0.79158 0.07831 0.20224
0.43572 0.90118 0.99772
0.79783 0.03011 0.99371
0.49541 0.77449 0.51470
0.22231 0.04774 0.48858
0.15381 0.62835 0.46654
0.38812 0.22227 0.88784
0.01995 0.38005 0.39774
0.31700 0.05958 0.19122
0.30253 0.47789 0.73220
0.12277 0.65904 0.63092
0.23001 0.86661 0.61326
0.79398 0.03786 0.65472
0.72571 0.08876 0.70708
0.69399 0.53391 0.62289
0.51731 0.78600 0.16647
0.50553 0.73548 0.32044
0.83492 0.60447 0.03870
0.03707 0.90289 0.84578
0.73430 0.80618 0.75788
0.44152 0.60678 0.28895
0.87041 1.05268 0.20945
0.44198 0.62510 0.80858
0.79184 0.41684 0.14962
0.51269 0.72654 0.10779
0.12339 0.78236 0.39274
0.78817 0.27678 0.61088
0.82242 0.72112 0.48939
0.40856 0.50467 0.71280
0.48755 0.86064 0.58198
0.96412 0.02078 0.16268
0.67187 0.89172 0.83014
0.59813 0.88768 0.62435
0.17857 0.12250 0.35892
0.20774 0.33612 0.64135
0.69491 0.25015 0.47663
0.45979 0.60077 0.49191
0.86517 0.70916 0.84118
0.79317 0.09458 0.16002
0.52556 0.38004 0.27573
0.83763 0.04428 0.98992
0.29801 0.64387 0.86419
0.44388 0.46984 0.89636
0.98274 0.11948 0.18350
0.85393 0.53796 0.03485
0.46563 0.08385 0.24388
0.32101 0.01838 0.28352
0.58308 0.43450 0.39703
0.92322 0.58829 0.98292
0.70505 0.50434 0.48997
0.16541 -0.25773 0.82388
0.71424 0.90661 0.71600
0.27914 0.58534 0.06763
0.69122 0.11492 0.15867
0.06135 0.47274 0.89390
0.49321 0.11950 0.91086
0.21035 0.22701 0.43169
0.05947 0.96372 0.85353
0.91257 0.87293 0.23479
0.75953 0.90201 0.99417
0.35343 0.46806 0.56530
0.88747 0.92709 0.67206
0.07756 0.94661 0.86253
0.28632 0.20723 0.46522
0.43437 0.05882 0.76648
0.64661 0.70088 0.76167
0.77577 0.05131 0.94781
0.74964 0.06891 0.13555
0.28959 0.63975 0.04668
0.11037 0.50871 0.19953
0.70745 0.75231 0.44076
0.01277 0.23536 0.56353
0.13124 0.97118 0.64750
0.49453 0.44524 0.10891
0.13143 0.72547 0.82423
0.17067 0.33980 0.62697
0.42571 0.68278 0.47559
0.30242 0.53484 0.35038
0.36171 0.46562 0.06489
0.21342 0.52774 0.63389
0.53609 0.05410 0.03349
0.76301 0.30215 0.67136
0.38065 0.69125 0.61789
0.13394 0.72277 0.97772
0.67278 0.21324 0.07266
0.38440 0.69696 0.27339
0.02709 0.19533 0.62116
0.85452 0.96188 0.72267
0.94738 0.40609 0.06142
0.79273 0.08443 0.01036
0.04311 0.40147 0.88319
0.36281 0.36904 0.96029
0.19108 0.38343 0.64863
0.05403 0.12100 0.96975
0.69124 0.87577 0.15620
0.74822 0.66278 0.06931
0.41313 0.67482 0.31925
0.42315 0.59202 0.11442
0.24712 0.20275 0.67063
0.79928 0.08933 0.30313
0.52778 0.27107 0.74419
0.59823 0.36583 0.28851
0.43104 0.19028 0.67760
0.61231 0.69230 0.86350
0.13046 0.39113 0.57957
0.36280 0.59091 0.66350
0.13976 0.72319 0.61170
0.29077 0.73641 0.03555
0.19115 0.90324 0.82047
1.01962 0.26200 0.46726
0.15380 0.50344 0.23319
0.44738 0.31254 0.57986
0.62813 0.13710 0.64867
0.77633 0.22296 0.85002
0.41747 0.13949 0.40476
0.13188 0.60903 0.17292
0.10371 0.19807 0.20345
0.84779 0.15316 0.08116
0.50993 0.40042 0.43642
0.35607 0.88585 0.73239
0.29569 0.81569 0.69020
0.85653 0.42327 0.61927
0.85764 0.05534 0.40173
2.09928 1.02375 0.99209
0.02046 0.92385 0.91973
0.40891 0.30002 0.22178
0.66779 0.40487 0.11766
0.41435 0.21183 0.84780
0.18083 0.16275 0.98332
0.95881 0.09510 0.57637
0.17358 0.09494 0.01328
0.02030 0.09805 0.70535
0.03054 0.34536 0.56952
0.20253 0.71730 0.68802
0.31168 0.67551 0.24292
0.80159 0.87196 0.06098
0.42348 0.59494 0.83622
0.99629 0.67455 0.90956
0.51328 0.70869 0.41992
0.90690 0.97257 0.95684
0.70458 0.36931 0.63127
0.82687 0.69212 0.18822
0.58648 0.77096 0.24792
0.47466 0.42673 0.54313
0.32441 0.81624 0.90450
0.15252 0.92082 0.94126
0.61500 0.71975 0.25631
0.34300 0.30301 0.71031
0.47575 0.45008 0.61716
0.68674 0.23154 0.86031
0.13471 0.30305 0.58140
0.70060 0.50636 0.43094
0.81456 0.13502 0.80146
0.31306 0.90559 0.80480
0.30182 0.47033 0.94822
0.48135 0.09998 0.96593
0.56958 0.19491 0.58824
0.90452 0.78625 0.40557
0.34420 0.06212 0.85488
0.96176 0.03464 0.99096
0.65619 0.12957 0.17824
0.70054 0.02237 0.51017
0.24743 0.19396 0.31456
0.30435 0.56221 0.09790
0.78848 0.80305 0.81161
0.02385 0.00919 0.92818
0.40248 0.38599 0.38082
0.42187 0.35316 0.86325
0.86979 0.63171 0.78026
0.72641 0.55146 0.10260
0.52504 0.92721 0.12945
0.80333 0.74790 0.02347
0.11877 0.34918 0.41567
0.85844 0.15810 0.96436
0.73104 0.98170 0.85000
0.39505 0.56310 0.25403
0.21851 0.08573 0.52060
0.82566 0.94728 0.94605
0.76296 0.44945 0.66563
0.41630 0.34682 0.60005
0.04076 0.49347 0.77752
0.70384 0.50207 0.60778
0.17643 0.59461 0.47827
0.75336 0.07781 0.86257
0.04590 0.95427 0.61750
0.10491 0.93877 0.54568
0.70996 0.50451 0.72743
0.57742 0.48721 0.41168
0.97090 0.02958 0.31789
0.65259 0.18471 0.00948
0.72918 0.07675 0.81840
0.11883 0.20171 0.13702
0.97935 0.04423 0.85699
1.00177 1.00216 0.30381
0.33714 0.38159 0.14161
0.71528 0.55498 0.22618
0.97349 0.30697 0.07697
0.65310 0.80351 0.22873
0.21020 0.39492 0.61936
0.95584 0.87283 0.76054
1.22404 0.44643 0.95363
0.51886 0.14609 0.34541
0.50728 0.86712 0.15618
0.92959 0.80396 0.88950
0.19830 0.14394 0.56958
0.03175 0.55684 0.39681
0.34431 0.48604 0.58138
0.78924 0.30058 0.15598
0.32937 0.56696 0.83259
0.94623 0.68159 0.50389
0.48778 0.09855 0.86296
0.96700 0.88581 0.78883
0.53527 0.62579 0.36814
0.37446 0.94734 0.43472
0.55109 0.57402 0.48667
0.07573 0.74169 0.48690
0.08385 0.07486 0.73617
0.83585 0.11111 0.81944
0.36342 0.90414 0.21722
0.52086 0.64897 0.66773
0.19325 0.40398 0.62846
0.49728 0.85495 0.24647
0.49943 0.47953 0.48413
0.35610 0.70743 0.83450
0.92946 0.22663 0.31112
0.11482 0.60911 0.96986
0.87924 0.11341 0.12183
0.81255 0.97426 0.41462
0.33494 0.94773 0.63770
0.29000 0.83744 0.19833
0.38784 0.88609 0.23532
0.15457 0.87050 0.69331
0.91501 0.75092 0.30766
0.21210 0.03485 0.49007
0.01245 0.42260 0.57852
0.76577 0.18221 0.11801
0.44675 0.46410 0.64654
0.08216 0.61241 0.12039
0.56781 0.07434 0.14057
0.52634 0.12830 0.27012
0.14620 0.18770 0.30144
0.66119 0.92647 0.39710
0.46951 0.26432 0.13981
0.80372 0.37961 0.62703
0.15657 0.37034 0.29639
0.68779 0.42182 0.62710
0.67044 0.25474 0.94512
0.72346 0.10899 0.26006
0.27814 0.69449 0.27724
0.78609 0.82660 0.33638
0.51855 0.81802 0.16528
0.28925 0.37866 0.91850
0.05270 0.27437 0.27954
0.52623 0.16483 0.25044
0.16276 0.86534 0.35821
0.07847 0.27760 0.47626
0.33669 0.04128 0.47370
0.77968 0.80159 0.12278
0.71727 0.53912 0.73244
0.66235 0.70147 0.95760
0.47308 0.52554 0.33764
0.43816 0.40198 0.69243
0.50856 0.80847 0.68017
0.26531 0.79224 0.14559
0.79650 0.13364 0.75956
0.50215 0.64436 0.28188
0.53261 0.63746 0.54149
0.40072 0.80851 0.24464
0.04129 0.43676 0.27848
0.38431 0.15576 0.79551
0.85123 0.43771 0.01864
0.88171 0.07089 0.32375
0.94757 0.73242 0.69372
0.35344 0.24624 0.72964
0.57677 0.46575 0.57609
0.67063 0.51835 0.36198
0.28193 0.48036 0.43833
0.83832 0.52237 0.87124
0.40182 0.96410 0.36797
0.45401 0.26789 0.89269
0.28585 0.80072 0.37923
0.66979 0.84293 0.16189
0.71793 0.54653 0.58484
0.59050 0.53786 0.57628
0.71888 0.08227 0.63981
0.12790 0.32122 0.89100
0.41671 0.60227 0.24495
0.02518 0.15573 0.67458
0.60150 0.83592 0.75662
0.04907 0.44941 0.81067
0.68139 0.51503 0.70241
0.16352 0.44073 0.04344
0.80068 0.71991 0.45361
0.98007 0.67987 0.07587
0.20313 0.03544 0.22078
0.43276 0.91850 0.85253
0.49282 0.92864 0.27565
0.04911 0.61146 0.25760
0.42601 0.56548 0.37533
0.45838 0.25258 0.14925
0.49031 0.56009 0.44468
0.91783 0.77366 0.60857
0.31350 0.88675 0.47141
0.27555 0.21058 0.79582
0.26263 0.86395 0.04736
0.96165 0.53634 0.20239
0.77972 0.55437 0.19802
0.85735 0.65091 0.24828
0.76080 0.73694 0.20273
0.97123 0.20869 0.02818
0.41879 0.24673 0.91163
0.26946 0.03125 0.63115
0.29967 0.72139 0.60231
0.91423 0.21004 0.15612
0.02217 0.41721 0.13030
0.61689 0.59708 0.61385
0.11660 0.20043 0.17866
0.91177 0.29658 0.07471
0.34550 0.87018 0.79312
0.79314 0.08655 0.09382
0.69131 0.66085 0.28825
0.98115 0.23421 0.41412
0.76592 0.52275 0.59269
0.81965 0.29399 0.96749
0.78921 0.72866 0.70265
-2.24824 0.73251 0.89159
0.10708 0.94905 0.99350
0.09082 0.80133 0.16376
0.79224 0.78860 0.84594
0.27049 0.70571 0.50851
0.06601 0.32156 0.12374
0.89913 0.34596 0.56557
0.58233 0.20303 0.38962
0.49144 0.83942 0.56124
0.76164 0.05271 0.51057
0.72566 0.74972 0.99539
0.62766 0.48496 0.96585
0.46807 0.57283 0.64837
0.20848 0.86901 0.09969
0.04475 0.40915 0.10989
0.41056 0.74162 0.90202
0.53210 0.06421 0.69325
0.02456 0.43298 0.71957
0.60288 0.39391 0.06051
0.85924 0.75609 0.23488
0.83663 0.03827 0.97489
0.70506 0.24304 0.91731
0.54989 0.86574 0.76484
0.36716 0.53949 0.74529
0.73836 0.07434 0.52805
0.35683 0.36843 0.84707
0.96563 0.35722 0.42429
0.04790 0.91728 0.13239
0.37610 0.67437 0.52423
0.24756 0.71429 0.29301
0.94358 0.65655 0.80563
0.63576 0.09861 0.11730
0.42176 0.53282 0.88009
0.79810 0.37919 0.92777
0.40427 0.84799 0.50854
0.58006 0.83995 0.60099
0.44107 0.96480 0.50710
0.02836 0.20631 0.46393
0.33337 0.65866 0.54522
0.46561 0.71309 0.79000
0.07692 0.72504 0.38091
0.75316 0.59819 0.90913
0.44549 0.97010 0.88368
0.21712 0.20606 0.76789
0.67785 0.93288 0.64596
0.15341 0.24375 0.78557
0.35870 0.53514 0.48548
0.61515 0.26601 0.25532
0.36431 0.41303 0.69544
0.58767 0.36815 0.64901
0.53101 0.38493 0.58138
0.59402 0.90423 0.90138
0.33672 0.88267 0.24326
0.27765 0.71203 0.57404
0.27570 0.77159 0.73021
0.97055 0.21558 0.00463
0.40384 0.29930 0.90213
0.88151 0.44787 0.68771
0.53324 0.13036 0.31821
0.17098 0.25414 0.18773
0.72403 0.06171 0.85926
0.46740 0.42688 0.20145
0.42564 0.31890 0.76936
0.90133 0.55329 0.45744
0.88520 0.45567 0.35716
0.54211 0.84131 0.26530
0.51506 0.24774 0.24200
0.41501 0.57109 0.09154
0.96981 0.93380 0.28914
0.92803 0.57114 0.04823
0.33171 0.47387 0.83432
0.65758 0.83379 0.80917
0.59872 0.55645 0.10079
0.41672 0.73079 0.69500
0.44710 0.18374 0.45738
0.25524 0.42799 0.38509
0.59016 0.46916 0.87825
0.96197 0.51132 0.06015
0.35505 0.51538 0.58785
0.16975 0.92784 0.86627
0.88827 0.30950 0.21629
0.68939 0.64287 0.45646
0.79565 0.64119 0.58121
0.45024 0.96114 0.63475
0.21923 0.87138 0.76996
0.64244 0.26098 0.23452
0.48986 0.53877 0.23283
0.85666 0.83848 0.89364
0.91607 0.39332 0.64931
0.81865 0.09571 0.18309
0.75531 0.30774 0.89306
0.22945 0.72443 0.69544
0.74948 0.67828 0.53017
0.65559 0.77841 0.41333
0.90241 0.18367 0.25114
0.77543 0.55075 0.76710
0.80457 0.22098 0.74873
0.80162 0.08666 0.36786
0.89421 0.44000 0.27936
0.80989 0.37757 0.34545
0.44571 0.08129 0.67072
0.10678 0.06459 0.21097
0.54511 0.95888 0.76734
0.40681 0.71556 0.01149
0.62680 0.44796 0.08948
0.10805 0.01521 0.37402
0.08670 0.82022 0.05323
0.48853 -0.11661 0.67708
0.22968 0.38267 0.50009
0.91008 0.75639 0.29653
0.93115 0.28362 0.74058
0.47194 0.39901 0.80297
0.16154 0.55668 0.51071
0.49652 0.95470 0.16887
0.64247 0.39985 0.75926
0.11289 0.71159 0.92056
0.51792 0.66595 0.71584
0.45929 0.53462 0.19413
0.01708 0.61691 0.29589
0.67968 0.66030 0.60640
0.69940 0.34211 0.41958
0.47461 0.52244 0.95212
0.90125 0.69093 0.31545
0.26950 0.92645 0.14364
0.48134 0.78180 0.53819
0.85813 0.43640 0.40568
0.76554 0.27456 0.00934
0.06509 0.22369 0.18199
0.63999 0.50467 0.38236
0.98401 0.70334 0.08442
0.01589 0.30814 0.10732
0.47365 0.26176 0.92499
0.12468 0.01996 0.97841
0.86521 0.39508 0.08639
0.08144 0.09854 0.12040
0.83659 0.63685 0.45206
0.51470 0.35746 0.55834
0.68940 0.60183 0.39923
0.16809 0.63657 0.01109
0.29601 0.62910 0.66047
0.37604 0.87991 0.98411
0.84896 0.43257 0.49464
0.70057 0.80620 0.57268
0.02489 0.77179 0.49552
0.19396 0.61901 0.63607
0.55282 0.50397 0.00745
0.35045 0.11225 0.69728
0.58523 0.98077 0.21612
0.17761 0.74814 0.09633
0.90422 0.85618 0.04409
0.11498 0.38778 0.09381
0.41078 0.61928 0.86706
0.90935 0.45690 0.35803
0.32559 0.96118 0.18151
0.45049 0.39820 0.02063
0.02682 0.15154 0.99665
0.15916 0.17044 0.74764
0.45673 0.12747 0.25791
0.66665 0.52115 0.82778
0.88141 0.86297 0.09839
0.35056 0.95601 0.48345
0.37617 0.44798 0.50423
0.48127 0.25958 0.91702
0.43077 0.08311 0.53594
0.23978 0.06808 0.00738
0.03842 0.70316 0.37514
0.23913 0.93446 0.64231
0.74285 0.36251 0.32244
0.43106 0.08251 0.73174
0.74093 0.83076 0.69376
0.63037 0.94088 0.93793
0.57044 0.92389 0.70655
0.92265 0.55771 0.56341
0.23302 0.21642 0.39266
0.21431 0.95194 0.11287
-0.10860 0.64488 0.74451
0.36890 0.32352 0.95196
0.87142 0.84678 0.57006
0.29412 0.76444 0.64181
0.95938 0.87095 0.59740
0.14007 0.08321 0.42714
0.49988 0.45847 0.38273
0.60079 0.33495 0.68930
0.24332 0.72536 0.65120
0.28840 0.60178 0.90744
0.17004 0.22781 0.92900
0.86072 0.74080 0.44476
0.13103 0.27107 0.81610
0.98075 0.94381 0.32261
0.52664 0.48223 0.91988
0.75886 0.96106 0.10423
0.20951 0.59355 0.79513
0.64037 0.66962 0.75288
0.21086 0.25667 0.83129
0.42466 0.60989 0.92055
0.78776 0.87624 0.91172
0.57815 0.20070 0.09087
0.49416 0.12586 0.07972
0.06117 0.66964 0.37858
0.20400 0.52846 0.12970
0.65870 0.76065 0.13904
0.32123 1.10840 0.65685
0.58608 0.72527 0.77987
0.32606 0.51884 0.30985
2.42673 0.64255 0.36885
0.52763 0.02494 0.63809
0.22791 0.24685 0.00992
0.78184 0.28188 0.27138
0.78407 0.54891 0.35969
0.59988 0.34365 0.31536
0.79833 0.49214 0.57274
0.60317 0.84517 0.70021
0.09365 0.67410 0.58893
0.46453 0.96587 0.17540
0.70136 0.32752 0.63961
3.29715 0.72395 0.93720
0.62335 0.11512 0.07278
0.08648 0.69551 0.04971
1.73678 1.24941 0.43270
0.94568 0.72966 0.85255
0.68053 0.35015 0.38851
0.64485 0.33781 0.04918
0.82055 0.03260 0.84675
0.52633 0.71992 0.77431
0.66054 0.40475 0.36688
0.69925 0.27823 0.63365
0.93720 0.38548 0.68355
0.77223 0.04933 0.91626
0.59275 0.93623 0.07478
0.69629 0.47013 0.59544
0.58769 0.75326 0.00750
0.93081 0.34721 0.39383
0.37954 0.79402 0.66489
0.92538 0.46006 0.12391
0.20546 0.17429 0.15164
0.90631 0.42717 0.82545
0.29325 0.55528 0.32424
0.35059 0.50056 0.09456
0.47526 0.89773 0.42681
0.74784 0.42094 0.35121
0.12158 0.89394 0.18797
0.49076 0.24915 0.68606
0.73145 0.81759 0.47428
0.78069 0.23021 0.07129
0.04542 0.61883 0.74826
0.16168 0.12143 0.85322
0.92458 0.38707 0.43726
0.07508 0.35543 0.11144
0.44807 0.36570 0.38450
0.21348 0.79181 0.78815
0.83549 0.78579 0.04502
0.34043 0.46151 0.64864
0.52737 0.92088 0.99666
0.65844 0.17529 0.89870
0.17805 1.00156 0.03562
0.21589 0.37523 0.28711
0.10609 0.89320 0.69157
0.60611 0.73959 0.18502
0.30373 0.56206 0.11890
0.58034 0.49590 0.09686
0.53900 0.86468 0.02805
0.84427 0.05557 0.47876
0.43392 0.94560 0.34496
0.63320 0.31504 0.35562
0.33248 0.67163 0.72454
0.34439 0.32189 0.90111
0.60560 0.87635 0.55386
0.45396 0.77052 0.11364
0.41700 0.10040 0.40365
0.78755 0.81038 0.60977
0.08560 0.56900 0.16022
0.81547 0.88715 0.52393
0.43736 0.95907 0.12298
0.23316 0.23007 0.04736
0.10502 0.89385 0.71612
0.68801 0.52953 0.92471
0.53300 0.60366 0.69203
0.94960 0.21177 0.16878
0.31845 0.28633 0.13704
2.19326 0.13539 0.60629
0.38363 0.55967 0.03453
0.03102 0.45124 0.01023
0.93511 0.52976 0.13646
0.11645 0.95465 0.44556
0.46383 0.96033 0.09099
0.30487 0.76078 0.43173
0.15811 0.80583 0.89736
0.43881 0.55621 0.99479
0.30854 0.67442 0.27598
0.84786 0.75170 0.06474
0.10322 0.15907 0.85198
0.14351 0.26009 0.72372
0.68605 0.29540 0.74283
0.36889 0.60944 0.95950
0.09600 0.31719 0.17893
0.18029 0.83851 0.38561
0.54223 0.29306 0.23726
0.97967 0.42818 0.33506
0.69678 0.40669 0.40941
0.60519 0.01840 0.36550
0.12753 0.04698 0.29054
0.49512 0.05958 0.79008
0.06519 0.39305 0.58369
0.46968 0.54298 0.11543
0.82004 0.10394 0.89530
0.04285 0.09739 0.48873
0.30484 0.47298 0.75151
0.11518 0.72519 0.42004
0.62707 0.37275 0.34312
2.31612 -2.22311 0.32181
0.19890 0.90392 0.99667
0.21912 0.72419 0.31444
0.49054 0.74749 0.17326
0.26191 0.35988 0.56370
0.48059 0.67534 0.24933
0.27750 0.30330 0.33067
0.76485 0.34232 0.13763
0.67656 0.50598 0.06737
0.04122 0.71045 0.07397
0.40448 0.14250 0.95674
0.04881 0.13620 0.22923
0.40272 0.39096 0.47599
0.35320 0.73125 0.57518
0.58741 0.48226 0.97133
0.07257 0.82585 0.57662
0.93229 0.54593 0.66655
0.77568 0.34218 0.48888
0.81711 0.83348 0.16547
0.47774 0.43565 0.42507
0.66472 0.52544 0.25360
0.59360 0.08622 0.30705
0.66805 0.40317 0.26043
0.44179 0.07561 0.12619
0.54282 0.45937 0.26948
0.98310 0.70718 0.81948
0.16124 0.61695 0.25018
0.13281 0.93083 0.33798
0.56851 0.30706 0.76412
0.90504 0.53669 0.46547
0.52148 0.27751 0.24552
0.23938 0.91847 0.78236
0.44258 0.57425 0.81564
0.88578 0.72213 0.26578
0.30237 0.37447 0.49881
0.25643 0.12507 0.31489
0.23107 0.35121 0.38005
0.23189 0.93074 0.06511
0.10991 0.07004 0.16035
0.07188 0.80522 0.21042
0.40080 0.22318 0.60527
0.20879 0.86341 0.05504
0.76159 0.28369 0.89413
0.31093 0.30937 0.57544
0.15791 0.14095 0.97024
0.25988 0.61343 0.28023
0.02950 0.08961 0.82099
0.94155 0.37804 0.37845
0.32578 0.05917 0.82919
0.79253 0.70193 0.17064
0.80569 0.21043 0.56643
0.12560 0.81291 0.93060
0.96366 0.68538 0.12299
0.61402 0.52935 0.28493
0.02253 0.15555 0.51231
0.77969 0.40612 0.74252
-0.02778 0.83590 0.25329
0.51404 0.73062 0.72954
0.81184 0.06958 0.41706
0.80855 0.23677 0.85299
0.86651 0.78712 0.90885
-0.54562 -0.06294 0.40091
0.19364 0.88707 0.98983
0.24623 0.18021 0.08061
0.18917 0.81556 0.70114
0.78719 0.85987 0.31317
0.87583 0.55977 0.14160
1.01196 0.44403 0.24548
0.38600 0.21836 0.01770
0.32899 0.94575 0.19431
0.73210 0.75126 0.79000
0.10355 0.55708 0.10529
0.60179 0.49830 0.68950
0.82626 0.54408 0.17893
0.35608 0.20735 0.32734
0.87717 0.33369 0.73843
0.88872 0.17786 0.24586
0.79269 0.90405 0.31979
0.77966 0.98019 0.18488
0.39411 0.08097 0.32692
0.52657 0.34622 0.01648
0.67490 0.66177 0.21211
0.86079 0.55779 0.98854
0.97909 0.29234 0.88630
0.80456 0.35391 0.73052
0.97427 0.02275 0.64476
0.97800 0.96799 0.22967
0.41232 0.75717 0.53318
0.26860 0.47219 0.38018
0.73045 0.15715 0.89477
0.45837 0.56704 0.51598
0.05534 0.79820 0.09308
0.84397 0.11485 0.09937
0.58685 0.01584 0.65250
0.92840 0.70654 0.23390
0.45048 0.18180 0.63193
0.70925 0.49456 0.55018
0.62796 0.65662 0.52373
0.05824 0.55645 0.30186
0.23955 0.04523 0.31835
0.28766 0.64148 0.44944
0.71201 0.92080 0.36073
0.88981 0.93986 0.64145
0.30169 0.67758 0.49076
0.19852 0.66608 0.17944
0.59858 0.52922 0.75421
0.27253 0.24153 0.83047
0.67427 0.08970 0.05502
0.76368 0.82898 0.12287
0.95467 0.99953 0.33260
0.79937 1.10222 0.96701
0.49516 0.02787 0.52472
0.59158 0.92966 0.13780
0.84555 0.37830 0.13731
0.97455 0.60778 0.81999
0.74369 0.09721 0.44453
0.90515 0.66662 0.65695
0.63340 0.77493 0.94681
0.42787 0.31775 0.72321
0.90550 0.51125 0.48269
0.84810 0.79652 0.38551
0.94579 0.69798 0.14291
0.41952 0.53777 0.63658
0.21374 0.22027 0.27258
0.87787 1.23901 0.76021
0.90566 0.93495 0.01602
0.53495 0.29116 0.31463
0.29536 0.49816 0.14487
0.78695 0.69076 0.08391
0.39732 0.07176 0.55888
0.68933 0.38892 0.32356
0.54291 0.12407 0.60866
0.53277 0.05392 0.93705
-0.98327 -0.29344 0.13260
0.68204 0.18906 0.58426
0.97893 0.09744 0.35961
0.65037 0.32527 0.87921
0.35392 0.83823 0.50428
0.95430 0.35230 0.06204
0.92254 0.70845 0.67863
0.19184 0.27446 0.35571
0.42130 0.67633 0.77058
0.79640 0.81333 0.56723
0.73528 0.44939 0.32011
0.17461 0.46546 0.71897
0.24543 0.93429 0.59836
0.31996 0.39219 0.00948
0.58224 0.13196 0.49988
0.70283 0.27085 0.54492
0.87875 0.28174 0.98408
0.38323 0.18432 0.90575
0.62919 0.55375 0.84108
0.69090 0.24405 0.45621
0.79100 0.65314 0.89771
0.35538 0.99817 0.28656
0.75231 0.96945 0.63482
0.35948 0.77677 0.49972
0.99983 0.21315 0.94473
0.91034 0.24131 0.17054
0.26699 0.59306 0.85118
0.12977 0.47567 0.49342
0.03181 0.79219 0.42011
0.02221 0.82069 0.46424
0.14576 0.20823 0.18302
0.53400 0.62699 0.43576
0.57288 0.66581 0.94540
0.24836 0.02628 0.82529
0.58793 0.96646 0.95529
0.66002 0.83046 0.04689
0.42428 0.27193 0.43707
0.94687 0.38295 0.83381
0.60758 0.77782 0.00592
0.83834 0.61929 0.32455
0.27443 0.82855 0.67613
-0.10943 0.57820 0.38869
0.48338 0.06718 0.83773
0.12437 0.52643 0.32932
0.70841 0.16871 0.22082
0.60159 0.03074 0.78730
0.81212 0.53863 0.77138
0.09666 0.40694 0.50684
0.50715 0.73214 0.39943
0.09030 0.28565 0.17207
0.93404 0.29435 0.50149
0.18813 0.99414 0.78664
0.03147 0.84055 0.29325
0.61982 0.12274 0.38153
0.07839 0.93173 0.28252
0.44291 0.60793 0.45440
0.51636 0.22710 0.84003
0.06968 0.12943 0.30000
0.52437 0.97221 0.75721
1.18184 1.72738 0.05240
0.14881 0.06932 0.46465
0.22677 0.17954 0.29535
0.64577 0.17178 0.22728
0.01103 0.30371 0.60916
0.58783 0.64614 0.41097
0.75032 0.56549 0.99695
0.76433 0.66005 0.32540
0.19288 0.05304 0.94532
0.63440 0.56629 0.75243
0.36363 0.58353 0.59226
0.78541 0.44601 0.55093
0.81514 0.20292 0.25943
0.95078 0.06939 0.74746
0.41273 0.18663 0.86225
0.75197 0.98033 0.85885
0.52133 0.95670 0.17548
0.65543 0.06479 0.43364
0.41630 0.15092 0.05119
0.09272 0.35237 0.65075
0.12474 0.57635 0.65022
0.56917 0.83372 0.29893
0.65521 0.39403 0.60145
0.41418 0.21074 0.57716
0.53541 -0.33175 0.91507
0.36979 0.11371 0.69388
0.06868 0.67678 0.97797
0.74101 0.60253 0.99620
0.65163 0.74286 0.15085
0.46981 0.05114 0.14690
0.94204 0.68642 0.40447
0.39270 0.15115 0.80695
0.45556 0.56198 0.77849
0.73920 0.19625 0.15481
0.62119 0.65390 0.51334
0.38881 0.70448 0.74160
0.92521 0.65832 0.94119
0.32272 0.37417 0.21200
0.66579 0.44795 0.24516
0.27024 0.38732 0.46937
0.78778 0.48159 0.24103
0.60150 0.19765 0.33664
0.07260 0.76303 0.31167
0.85005 0.88181 0.96939
0.29247 0.20260 0.98287
0.19103 0.29212 0.21894
0.51131 0.47429 0.90513
0.57929 0.85495 0.77353
0.02783 0.59524 0.66978
0.79934 0.61202 0.06951
0.15069 0.48017 0.07082
0.38401 0.38993 0.84813
0.03709 0.17657 0.94954
0.40012 0.91010 0.27499
0.15327 0.09139 0.11410
0.61581 0.34734 0.26483
0.64515 0.77417 0.46674
0.79379 0.05538 0.00801
0.82019 0.58292 0.45119
0.14630 0.08625 0.57816
0.20116 0.85530 0.08364
0.22045 0.95089 0.73548
0.34253 0.21152 0.38999
0.39943 0.76812 0.74397
0.33190 0.31601 0.36938
0.57186 0.82304 0.08392
0.70159 0.39704 0.93439
0.15891 0.56612 0.40728
0.93801 0.85654 0.00914
-0.07186 0.45076 0.70964
0.04190 0.31305 0.55727
0.77329 0.71769 0.35287
0.55629 0.65837 0.43690
0.68135 0.24933 0.15453
0.50975 0.81397 0.88450
0.70173 0.29359 0.43902
0.91406 0.35790 0.36652
0.29867 0.39254 0.35480
0.40144 0.74407 0.97656
0.48679 0.05720 0.76170
0.07642 0.85121 0.07504
0.04340 0.21310 0.91312
0.14215 0.20834 0.14724
0.53791 0.77228 0.07263
0.95491 0.58395 0.08575
0.44147 0.56505 0.73707
0.04472 0.69625 0.16203
0.42153 0.92568 0.89061
0.46071 0.11635 0.15329
0.44816 0.53200 0.64082
0.12133 -0.00857 0.54280
0.34608 0.73310 0.85739
0.14949 0.86619 0.21669
0.70602 0.17326 0.84172
0.43876 0.23789 0.50956
0.85398 0.93569 0.02509
10.62106 1.38203 0.27271
0.86445 0.20092 0.04249
0.98057 0.39759 0.46542
0.51807 0.19328 0.28184
0.49993 0.39521 0.75198
0.92491 0.79516 0.20715
0.52270 0.17622 0.65678
0.30477 0.05115 0.59781
0.04053 0.96683 0.63126
0.63563 0.24688 0.54850
0.44249 0.73889 0.74518
0.46385 0.85329 0.50524
0.37697 0.55579 0.93604
0.56582 0.17986 0.66817
0.14051 0.07817 0.73624
0.86420 0.41426 0.23143
0.14265 0.89362 0.63168
0.72786 0.25145 0.37298
0.16469 0.29390 0.93878
0.64580 0.40546 0.20597
0.61189 0.58852 0.04123
0.28566 0.75868 0.11098
0.04510 0.21948 0.43177
0.16436 0.34722 0.40097
0.08394 0.72696 0.45656
0.51469 0.23602 0.58626
0.39156 0.55294 0.20345
0.93299 0.44462 0.89662
0.60819 0.57714 0.80609
0.99722 0.85806 0.58845
0.24044 0.87966 0.61606
0.77563 0.28647 0.45413
0.27023 0.60460 0.17523
0.48982 0.96419 0.64749
0.80753 0.28701 0.23901
0.30417 0.66247 0.97734
0.09875 0.97114 0.36662
0.97493 0.73227 0.60536
0.38840 0.39497 0.50437
0.31358 0.26881 0.22271
0.33115 0.07830 0.83160
0.17604 0.07103 0.45791
0.74147 0.05641 0.98252
0.39083 0.31179 0.03844
0.70586 0.40498 0.69960
0.17387 0.66976 0.29247
0.02339 0.71168 0.30488
0.70102 0.59514 0.02755
0.79692 0.25217 0.03701
0.48380 0.13289 0.06747
-0.07515 0.84874 0.80528
0.80746 0.29059 0.55808
0.90871 0.46196 0.56142
0.20598 0.72669 0.83299
0.23020 0.92003 0.23446
0.48071 0.13273 0.82177
1.72748 -0.25647 0.84962
0.82738 0.23377 0.49462
0.02009 0.43595 0.56132
0.46238 0.85613 0.95346
0.64546 0.17091 0.50091
0.19885 0.81938 0.10940
0.84477 0.42007 0.51174
0.98447 0.96258 0.70760
0.49606 0.95991 0.01172
0.93042 0.83782 0.83507
0.78808 0.08581 0.24266
0.26598 0.66519 0.96248
0.78192 0.58706 0.64673
0.34616 0.52066 0.13828
0.68160 0.96967 0.87820
0.45232 0.15413 0.93902
0.34910 0.86387 0.97949
0.97168 0.13253 0.30415
0.68573 0.80875 0.08759
0.86003 0.07625 0.10225
0.57212 0.52081 0.85250
0.04334 0.84641 0.08014
0.27844 0.60642 0.98054
0.66978 0.78369 0.03948
-0.40955 3.83344 0.55023
0.07378 0.27522 0.00412
0.11046 0.31941 0.75570
0.60539 0.34600 0.74154
0.91973 0.19436 0.87672
0.27192 0.94114 0.20565
0.82154 0.04701 0.32256
0.40867 0.84948 0.18642
0.48276 0.80284 0.67654
0.25600 0.76817 0.34128
0.01314 0.96883 0.39229
0.17820 0.02704 0.37677
0.15217 0.95156 0.83875
0.50325 0.88199 0.08306
0.46810 0.11646 0.51231
0.70671 0.41330 0.03638
0.03477 0.57551 0.50331
0.46191 0.19956 0.36665
0.54471 0.80800 0.94865
0.48358 0.03888 0.99552
0.77133 0.81800 0.37719
0.09698 0.79510 0.34055
0.80406 0.25298 0.77332
0.03486 0.57806 0.76717
0.25194 0.18263 0.06949
0.48430 0.73392 0.14172
0.06269 0.07787 0.13198
0.74113 0.07770 0.04943
0.51195 0.00138 0.62660
0.58075 0.86827 0.06756
0.15417 0.36102 0.09646
0.41786 0.34384 0.03513
0.45614 0.86279 0.84179
0.11037 0.81682 0.74789
0.39144 0.83848 0.41036
0.70826 0.18205 0.78932
0.36977 0.34749 0.40799
0.88502 0.70729 0.84969
0.58114 0.58143 0.46837
0.87794 0.01516 0.37939
0.73341 0.75916 0.01244
0.73686 0.54038 0.79512
0.49407 1.21833 0.43728
0.06769 0.22536 0.40178
0.46796 0.13119 0.99113
0.86770 0.07911 0.81924
0.42104 0.65949 0.11128
0.36899 0.90291 0.78474
0.06355 0.73145 0.89274
0.28422 0.31687 0.55200
0.70316 0.67608 0.37193
0.41686 0.35041 0.21344
0.07577 0.17801 0.23259
0.46288 0.48305 0.47628
0.41929 0.08672 0.99520
0.16281 0.39748 0.21393
0.64896 0.40365 0.27788
0.68852 0.16746 0.80970
0.86205 0.64113 0.11149
0.91388 0.72905 0.49552
0.45838 0.96473 0.11451
0.55855 0.33259 0.91059
0.13346 0.90875 0.09663
0.36959 0.74320 0.51963
0.12150 0.60127 0.74675
0.18818 0.08525 0.62414
0.98132 0.86872 0.22292
0.78542 0.04116 0.26778
0.14567 0.10307 0.11183
0.27391 0.62986 0.73740
0.16024 0.15898 0.05555
0.45905 0.92178 0.33446
0.73896 0.45169 0.79443
0.01827 0.72185 0.66713
0.83674 0.72090 0.49168
0.77671 0.80897 0.84297
0.76572 0.72305 0.74705
0.91852 0.25476 0.70652
0.69827 0.18886 0.00679
0.85220 0.63589 0.04066
0.87247 0.82211 0.62399
0.63074 0.26113 0.31871
0.24293 0.23911 0.15227
0.45740 0.42003 0.98226
0.97949 -0.08173 0.98191
0.61409 0.94064 0.00075
0.31618 0.08789 0.32965
0.38816 0.29103 0.18323
0.68333 0.45618 0.21145
0.09858 0.89776 0.31031
0.15845 0.68213 0.41883
0.37004 0.68987 0.82937
0.38661 0.69325 0.93424
0.78032 0.69298 0.84010
0.50013 0.54926 0.87156
0.97595 0.45788 0.84594
0.16422 0.70601 0.27299
0.71811 0.08521 0.65389
0.85247 0.52907 0.56815
0.95632 0.36756 0.99205
0.87392 0.81086 0.81564
0.75746 0.97519 0.17080
0.84793 0.56560 0.35370
0.51289 0.82525 0.64172
0.38270 0.90123 0.32174
0.88907 0.34698 0.63914
0.95983 0.89148 0.12435
0.65398 0.77102 0.99533
0.59280 1.01957 0.69552
0.39629 0.72431 0.00316
0.65973 0.24696 0.17936
-0.04510 0.37167 0.76510
0.86898 0.51316 0.88603
0.71909 0.25937 0.07500
0.35470 0.71470 0.69655
0.12645 0.55619 0.21710
0.54145 0.39174 0.34360
0.67891 0.20613 0.48116
0.20029 0.79563 0.83044
0.20760 0.71222 0.35023
0.12612 0.06687 0.89720
0.74151 0.94011 0.39570
0.10385 0.16730 0.90696
0.03179 0.55509 0.47084
0.84098 0.60083 0.13059
0.47957 0.72816 0.31150
0.31273 0.91541 0.94444
0.95710 0.28479 0.68282
0.18212 0.73685 0.84274
0.95554 0.56402 0.09637
0.68997 0.37021 0.21305
0.08575 0.33132 0.02938
0.32494 0.78003 0.93379
0.89310 0.09989 0.36685
0.25150 0.92928 0.55069
0.46480 0.27335 0.56701
-0.08385 0.55899 0.09597
0.73973 0.74420 0.91868
-0.73759 0.61172 0.61625
0.81217 0.18060 0.19415
0.56263 0.30610 0.29280
0.55127 0.63364 0.88113
0.96270 0.26873 0.37512
0.21262 0.94829 0.55772
0.78412 0.21173 0.56191
0.05430 0.47739 0.33874
0.50591 0.56703 0.79605
0.30012 0.83561 0.86565
0.03009 0.41528 0.32580
0.67501 0.07255 0.56696
0.48934 0.31264 0.75111
0.77263 0.85534 0.78925
0.89250 0.55679 0.94427
0.79683 0.13677 0.78797
0.28927 0.62866 0.46004
0.69927 0.63794 0.14593
0.34888 0.52309 0.88519
0.82819 0.90206 0.09208
0.83472 0.19788 0.05670
0.05163 0.52854 0.59422
0.58503 0.35715 0.05639
0.88061 0.95488 0.99327
0.03920 0.23241 0.10820
0.84087 0.75604 0.30456
0.54952 1.12273 0.40066
0.21744 0.28169 0.73954
0.46472 0.39288 0.58132
0.91386 0.19680 0.51620
0.54232 0.51914 0.77856
0.02762 0.86866 0.47547
0.28898 0.64721 0.49446
0.10090 0.84774 0.23459
0.11374 0.43014 0.75187
0.34377 0.54340 0.78021
0.55889 0.19203 0.99419
0.73345 0.46346 0.35170
0.85512 0.95221 0.70863
0.38341 0.95745 0.94450
0.03773 0.21723 0.06849
0.96369 0.37406 0.75975
0.72662 0.79866 0.18394
0.03375 0.54418 0.06640
0.22698 0.90521 0.56643
0.11441 0.58429 0.67925
0.20467 0.11132 0.58586
0.05169 0.44180 0.18662
0.25455 0.04805 0.21392
0.03475 0.75323 0.61366
0.90050 0.16382 0.52757
0.27323 0.54857 0.93875
0.64218 -0.11490 0.74942
0.44192 0.51668 0.11602
0.26449 0.74561 0.41879
0.35184 0.36543 0.42683
0.69873 0.60271 0.55103
0.72331 0.28236 0.42756
0.66870 0.93387 0.88667
0.46591 0.25814 0.98725
0.59186 0.65828 0.27694
0.05550 0.03960 0.14866
0.82804 0.48939 0.59887
0.08094 0.94392 0.31530
0.66715 0.52302 0.04624
0.96199 0.76489 0.59165
0.30772 0.45655 0.90737
0.62249 0.27780 0.15177
0.20984 0.22661 0.79127
0.57513 0.01574 0.50789
0.30962 0.70061 0.00924
0.98142 0.43632 0.79956
0.64746 0.15223 0.98908
0.71520 0.26442 0.45615
0.90636 0.43859 0.38606
0.40877 0.30887 0.10489
0.31141 0.16471 0.76225
0.68161 0.35308 0.49284
0.05750 0.38487 0.41482
0.62746 0.87148 0.54228
0.26623 0.89482 0.47910
0.51432 0.28679 0.74820
0.47167 0.25622 0.17761
0.34540 0.46418 0.33744
1.14493 0.82121 0.30827
0.68828 0.46190 0.54033
0.48943 0.02348 0.96354
0.94715 0.89676 0.49660
0.60697 0.80605 0.80643
0.07879 0.85316 0.56554
0.27359 0.30684 0.40442
0.77414 0.27747 0.70110
0.95090 0.46998 0.01515
0.37953 0.85583 0.96324
0.50425 0.68976 0.47233
0.73128 0.28435 0.95870
0.58772 0.65862 0.78090
0.86097 0.36890 0.89305
0.68333 0.40373 0.86782
0.35204 0.09284 0.55215
0.62974 0.62911 0.04033
0.68253 0.77487 0.48088
0.43739 0.51255 0.28585
0.11969 0.39560 0.15431
0.73620 0.76888 0.14136
0.56231 0.74881 0.55629
0.86357 0.51698 0.90703
0.15054 0.29937 0.27314
0.65479 0.14963 0.53287
0.09155 0.27694 0.60793
0.23905 0.93134 0.34633
0.46514 0.74136 0.04266
0.17923 0.20291 0.08428
-9.96541 -0.02365 0.29674
0.69919 0.05470 0.17744
-0.49608 0.32922 0.21905
0.58303 0.39990 0.47859
0.03014 0.08550 0.39016
0.34797 0.84212 0.29592
0.35525 0.28624 0.68474
0.25789 0.12365 0.19536
0.44827 0.63962 0.82874
0.19764 0.07382 0.87770
0.56061 0.68485 0.19470
0.41891 0.21748 0.48132
0.88238 0.72247 0.15057
0.01614 0.46759 0.16607
0.42807 0.51903 0.40433
0.20534 0.87482 0.79778
0.83796 0.41072 0.54001
0.91706 0.52711 0.82428
0.04203 0.20227 0.76101
0.53637 0.75489 0.98864
0.82352 0.32807 0.06990
0.07317 0.33850 0.78884
0.12421 0.50361 0.05042
0.93855 0.39965 0.67316
0.27413 0.75144 0.68165
0.05266 0.79320 0.38634
0.80190 0.86658 0.36569
0.01998 0.93335 0.96736
0.27159 0.29274 0.68983
0.92459 0.74018 0.70558
0.98086 0.56920 0.88818
0.16576 0.06147 0.20390
0.30428 0.90697 0.52750
0.79657 0.69402 0.01478
0.43627 0.74516 0.04501
0.65199 0.43163 0.89936
0.19692 0.45992 0.77733
0.64201 0.25270 0.83923
0.37965 0.51421 0.97422
0.75753 0.13388 0.08990
0.64048 0.14021 0.77192
0.21104 0.92081 0.29508
0.92306 0.78862 0.45034
0.16153 0.91604 0.96710
0.86116 0.83064 0.81573
0.24921 0.91117 0.05216
0.04253 0.88508 0.31672
0.31443 0.02493 0.64607
0.28732 0.70287 0.18783
0.84273 0.34777 0.29460
0.42688 0.40382 0.45647
0.24377 0.77956 0.90272
0.21890 0.12174 0.92363
0.45050 0.20392 0.01382
0.32178 0.59826 0.48481
0.47378 0.85388 0.36842
0.02955 0.53471 0.96643
0.53751 0.57219 0.28930
0.71505 0.19195 0.89450
0.22387 0.44274 0.82922
0.49718 0.80170 0.92843
0.49659 0.30674 0.44657
0.29106 0.33695 0.73221
0.62204 0.18042 0.82126
-0.28731 1.67043 0.56306
0.28801 0.42233 0.63044
0.02186 0.02399 0.54799
0.25799 0.85746 0.85418
0.91257 0.03519 0.72609
0.02555 0.59452 0.61535
0.34530 0.52319 0.61409
0.68952 0.64105 0.61596
0.98202 0.78339 0.93739
0.95619 0.86175 0.69479
0.45627 0.41745 0.08831
0.04552 0.29160 0.01619
0.49224 0.30124 0.15664
0.17888 0.56026 0.94718
0.04720 0.90247 0.07973
0.82627 0.53963 0.18622
0.26537 0.67798 0.64060
0.25864 0.45551 0.64734
0.93924 0.79651 0.70115
0.29900 0.01652 0.54538
0.05030 0.41118 0.30069
0.40931 0.09791 0.47917
0.24695 0.61813 0.23427
0.52540 0.31459 0.41102
0.37895 0.44602 0.10975
0.75739 0.78358 0.11127
0.38237 0.30078 0.36153
0.52398 0.26536 0.53310
0.10580 0.88079 0.93873
0.42542 0.50884 0.95915
0.35866 0.24276 0.03503
0.06072 0.82139 0.03361
0.26575 0.61429 0.98055
0.18581 0.59249 0.04555
0.68882 0.84588 0.22513
-0.08166 0.90719 0.29651
0.62858 0.87430 0.50459
0.95120 0.05834 0.62796
0.44918 0.41148 0.64731
0.45355 0.75728 0.65145
0.30741 0.36651 0.94882
0.53151 0.01368 0.32272
0.08034 0.45296 0.51970
0.32004 0.72621 0.24110
0.24431 0.39009 0.65724
0.81727 0.26345 0.52285
0.41795 0.73055 0.72105
0.64522 0.21123 0.59802
0.02458 0.08329 0.74222
0.67885 0.90860 0.43182
0.42723 0.83290 0.05394
0.80914 0.23762 0.51786
0.65482 0.39378 0.35571
0.26791 0.58043 0.64707
0.93913 0.72382 0.03563
0.93550 0.86945 0.10791
0.14588 0.23301 0.95119
0.91861 0.60762 0.50217
0.08370 0.75253 0.89169
0.80951 0.28521 0.57359
0.94912 0.03682 0.42470
0.62175 0.43578 0.61783
0.30851 0.38645 0.18351
0.08830 0.39923 0.64883
0.50068 0.56576 0.47143
0.74000 0.82294 0.43407
0.04908 0.72897 0.72166
0.08160 0.87409 0.64550
0.13346 0.81875 0.01594
0.63934 0.09652 0.15873
0.92156 0.36075 0.14819
0.18711 0.28608 0.90330
0.35912 0.48390 0.53186
0.34877 0.86605 0.51091
0.88209 0.12734 0.09217
-1.03597 -0.74376 0.01134
0.42549 0.43505 0.54566
0.40473 0.01634 0.05990
0.45314 0.18819 0.05455
0.95547 0.86257 0.69530
0.05328 0.03981 0.73125
0.25268 0.66698 0.82182
0.91256 0.18555 0.01971
0.51272 0.91153 0.38611
