0.04221 0.13578 0.70927
3.74205 -2.05708 0.13581
0.66341 0.59965 0.99480
0.84224 0.11981 0.13771
0.54010 0.51074 0.65183
0.64660 0.66976 0.06739
0.80115 0.08263 0.33474
0.12516 0.53652 0.01372
0.16029 0.16130 0.81111
0.87577 0.26352 0.25092
0.14239 0.26589 0.63348
0.74684 0.05341 0.31549
0.55875 0.62076 0.21622
0.30851 0.55973 0.01730
0.13344 0.49129 0.06882
0.79725 0.78360 0.50260
0.08717 0.67410 0.50966
0.84879 0.93659 0.87759
0.16821 0.17437 0.72386
0.50620 0.61572 0.30589
0.59558 0.05586 0.44439
0.27303 0.76860 0.40186
0.28685 0.71682 0.34250
0.64280 0.09924 0.30593
0.69021 0.49311 0.32331
0.37049 0.77725 0.36187
0.93490 0.05973 0.33400
0.35810 0.09662 0.43065
0.66166 0.11775 0.01725
0.76081 0.52430 0.99773
0.46755 0.30843 0.36333
0.39835 0.94701 0.25046
0.97302 0.04114 0.38376
0.44912 0.60263 0.93021
0.05969 0.61450 0.32789
0.47605 0.94388 0.33115
0.94535 0.94198 0.03680
0.15501 0.78074 0.34207
0.95493 0.46288 0.75349
0.75076 0.93309 0.91890
0.39645 0.29055 0.45545
0.96797 0.78089 0.15511
0.07523 0.66647 0.07699
0.28937 0.11355 0.79846
0.45949 0.90568 0.69729
0.73024 0.98185 0.43996
0.17728 0.92231 0.41014
0.94924 0.74571 0.51357
0.76201 0.85342 0.26458
0.35608 0.79399 0.73328
0.13774 0.38725 0.47208
0.69478 0.95126 0.56361
0.83003 0.38424 0.25289
0.34889 0.27086 0.45128
0.77337 0.63471 0.42663
0.79911 0.17665 0.67484
0.22107 0.72891 0.71774
0.85278 0.06144 0.93488
0.64897 0.48167 0.62136
0.66238 0.62446 0.18695
0.38965 0.93900 0.41946
0.94268 0.69543 0.05659
0.77278 0.55839 0.18769
0.09169 0.62009 0.54329
0.10621 0.04577 0.85953
0.24134 0.04306 0.33360
0.31322 0.22555 0.13840
0.82519 0.94322 0.70041
0.46630 0.27686 0.81981
0.01357 0.50230 0.64849
0.36878 0.32335 0.44098
0.65091 0.81905 0.35446
0.31440 0.45201 0.59889
0.79668 0.45605 0.14082
0.63530 0.80420 0.43936
0.39982 0.57137 0.21208
0.35755 0.31106 0.16730
0.86937 0.13245 0.94432
0.09728 0.61326 0.16570
0.71294 0.59933 0.44989
0.66426 0.20070 0.03085
0.27663 0.93701 0.76367
0.33250 0.18391 0.53153
0.38023 0.01035 0.36383
0.68059 0.49856 0.73356
0.54591 0.08629 0.15968
0.09130 0.66957 0.81733
0.47559 0.29281 0.90577
0.59098 0.75660 0.01570
0.09989 0.67093 0.64287
0.81075 0.47067 0.94133
0.70181 0.10172 0.96883
0.63314 0.34531 0.04190
0.44968 0.11677 0.72356
0.97112 0.71944 0.45976
0.10118 0.02289 0.42672
0.16001 0.58198 0.26685
0.26160 0.77970 0.97875
0.03868 0.80790 0.88615
0.54654 0.63224 0.65640
0.16488 0.63974 0.24034
0.28072 0.54479 0.04590
0.50116 0.73897 0.93370
0.46147 0.15867 0.70331
0.51023 0.08229 0.24938
0.06229 0.64417 0.35806
0.11142 0.62862 0.34954
0.55394 0.10861 0.58577
0.72923 0.80275 0.51281
0.84327 0.55773 0.06792
0.52827 0.96333 0.60720
0.00238 0.61491 0.01159
0.53663 0.83247 0.34200
0.68270 0.91995 0.43543
0.49288 0.54541 0.97499
0.70232 0.81027 0.70403
0.32396 0.55852 0.47236
0.39991 0.11539 0.96451
0.74166 0.75322 0.86461
0.69914 0.63874 0.41096
0.39944 0.26411 0.98571
0.36853 0.47274 0.08748
0.74407 0.27562 0.97894
0.49177 0.51115 0.59656
0.78116 0.49112 0.96576
0.18257 0.94775 0.09258
0.94216 0.34599 0.54404
0.57822 0.35641 0.56273
0.49874 0.20628 0.06695
0.78151 0.90662 0.28958
0.45045 0.41721 0.51293
0.43529 0.24742 0.23583
0.56266 0.28179 0.41378
0.37838 0.63144 0.29430
0.98221 0.09144 0.47574
0.45195 0.42621 0.93107
0.64005 0.35033 0.58797
0.95457 0.99028 0.31751
0.38249 0.93931 0.07278
0.95273 0.64751 0.11816
0.65483 0.32923 0.49488
0.32228 0.64334 0.18879
0.31210 0.15332 0.20325
0.17804 0.78893 0.27734
0.47483 0.55365 0.85598
0.18177 0.05141 0.03835
0.43957 0.83314 0.67984
0.64600 0.40007 0.61241
0.67488 0.44078 0.34715
0.28015 0.05448 0.03029
0.35451 0.86005 0.09339
0.81370 0.71019 0.53679
0.38468 0.74835 0.60066
0.44278 0.23978 0.55356
0.68639 0.35190 0.57312
0.17582 0.55373 0.07338
0.36503 0.43031 0.19028
0.18361 0.93418 0.59928
0.81895 0.02893 0.34236
0.15847 0.18531 0.31508
-0.34714 -0.41939 0.64941
0.88036 0.48422 0.39116
0.51270 0.88611 0.21937
0.13157 0.70395 0.42681
0.50203 0.93376 0.90241
0.37935 0.01790 0.11583
0.11462 0.02111 0.28641
0.61772 0.25705 0.50649
0.86421 0.02668 0.71497
0.23526 0.28612 0.88508
0.51077 0.71238 0.26216
0.81310 0.76959 0.10988
0.83170 0.25574 0.93709
0.46048 0.80281 0.93131
0.11849 0.50445 0.04472
0.51617 0.22622 0.93645
0.46637 0.75956 0.91796
0.83805 0.37226 0.87437
0.76567 0.58412 0.29801
0.04249 0.87215 0.65997
0.57297 0.15084 0.68291
0.91909 0.25183 0.05328
0.07518 0.93376 0.15574
0.72245 0.38000 0.51721
0.13534 0.62616 0.78738
0.42317 0.83132 0.53296
0.29873 0.87014 0.16713
0.76377 0.61816 0.51687
0.62316 0.50919 0.52232
0.97525 0.58460 0.84253
0.95018 0.21203 0.78835
0.60647 0.10642 0.45428
0.33169 -0.01459 0.04866
0.07039 0.12211 0.97608
0.23649 0.80191 0.09906
0.66701 0.70531 0.92196
0.02116 0.20184 0.33206
0.85008 0.82951 0.31561
0.89746 0.46491 0.82822
0.08601 0.79233 0.27392
0.78402 0.19354 0.25702
0.84218 0.34535 0.96587
0.33306 0.77433 0.21719
0.75409 0.21840 0.31858
0.41359 0.16223 0.04789
0.87722 0.71433 0.51888
0.71904 0.07222 0.01289
0.98358 0.04616 0.40802
0.31434 0.64220 0.97100
0.27518 0.59255 0.38658
0.48564 0.71646 0.16551
0.40434 0.53705 0.72773
0.12039 0.66210 0.28411
0.46825 0.40061 0.83301
0.35718 0.67474 0.76216
0.41464 0.76960 0.63911
0.70203 0.41590 0.97925
0.26094 0.88281 0.33554
0.80503 0.15307 0.48282
0.28901 0.38815 0.91444
0.88020 0.86659 0.50733
0.44251 0.56408 0.20796
0.38197 0.07900 0.53983
0.13166 0.90358 0.86787
0.07054 0.88292 0.80447
0.73084 0.53126 0.49917
0.20804 0.58731 0.12029
0.60298 0.85867 0.67283
0.97334 0.40888 0.58421
0.41891 0.59734 0.32584
0.99314 0.82845 0.37843
0.96305 0.14501 0.30072
0.98718 0.93466 0.54555
0.47009 0.32130 0.98719
0.87397 0.07337 0.48996
0.80492 0.24676 0.61419
0.40900 0.64591 0.29130
0.13670 0.55823 0.69888
0.47865 0.12839 0.60046
0.63891 0.08343 0.80374
0.32294 0.48005 0.78754
0.13945 0.09906 0.53596
0.43715 0.21573 0.70222
0.90148 0.17661 0.88149
0.54387 0.38745 0.98361
0.59999 0.83961 0.79059
0.50580 0.14504 0.38698
0.04822 0.81011 0.15022
0.48849 0.18724 0.84636
0.42561 0.77605 0.90405
0.62618 0.57665 0.17242
0.83742 0.53192 0.24870
0.79969 0.21846 0.86193
0.42187 0.48131 0.27363
0.34438 0.55048 0.50183
0.72783 0.57896 0.48620
0.41130 0.13917 0.35118
0.69162 0.31396 0.08130
0.47523 0.42082 0.10927
0.58320 0.49085 0.77790
0.79307 0.71114 0.58616
0.46596 0.41112 0.80233
0.25925 0.30450 0.04342
0.76207 0.95416 0.87476
0.71727 0.43154 0.85632
0.23918 0.42581 0.13670
0.71762 0.28234 0.59937
0.12868 0.89935 0.34108
0.46422 0.91419 0.85345
0.80165 0.08746 0.02310
0.01353 0.60689 0.23172
0.55730 0.87520 0.86829
0.21409 0.96486 0.94117
0.29439 0.26064 0.76593
0.13282 0.06712 0.75012
0.17943 0.44381 0.29396
0.61493 0.12592 0.79222
0.39948 0.79518 0.52591
0.94731 0.40772 0.70836
0.26407 0.60504 0.17817
0.63387 0.89052 0.90789
0.81896 0.43285 0.97311
0.89701 0.71223 0.03523
0.50596 0.09140 0.35815
0.47735 0.07839 0.08015
0.04474 0.59049 0.14931
0.44857 0.64109 0.13673
0.82934 0.05999 0.02072
0.36183 0.61195 0.72411
0.29157 0.26971 0.05171
0.33680 0.61032 0.40991
0.94417 0.72806 0.83953
0.78713 0.68770 0.94763
0.12276 0.92186 0.89085
0.03452 0.20765 0.06270
0.82385 0.92257 0.37632
0.47625 0.94929 0.09084
0.94399 0.57047 0.42440
0.09295 0.12705 0.88834
0.15601 0.90642 0.95624
-2.22065 11.68125 0.05186
0.11526 0.51496 0.18021
0.93283 0.89314 0.76321
0.97645 0.06725 0.08955
0.91388 0.44032 0.51795
0.17088 0.91574 0.02704
0.30399 0.28787 0.06000
0.46844 0.41521 0.46930
0.64418 0.41077 0.23814
0.48752 0.12155 0.65127
0.59065 0.76258 0.05115
0.14953 0.82012 0.80593
0.28060 0.76138 0.29928
0.38063 0.86838 0.14983
0.33752 0.80105 0.31749
0.47015 0.82382 0.67285
0.93012 0.03525 0.53640
0.55899 0.38955 0.51003
0.67957 0.57626 0.68297
0.72428 0.55034 0.26949
0.43730 0.96014 0.70195
0.06818 0.94932 0.11214
0.92878 0.47823 0.86768
0.91777 0.13953 0.70082
0.23834 0.21465 0.03939
0.61526 0.10991 0.73337
0.28290 0.15911 0.77753
0.03186 0.71927 0.23390
0.61056 0.29323 0.80278
0.81410 0.28062 0.72092
0.37635 0.06546 0.93765
0.11129 0.93321 0.68329
0.92111 0.68304 0.13170
0.41215 0.95789 0.39518
0.90431 0.61229 0.68560
0.56733 0.66170 0.61663
0.14958 0.17757 0.62196
0.44488 0.33726 0.19260
0.81191 0.15612 0.74244
0.73520 0.62758 0.45771
0.06164 0.79253 0.25291
-0.28458 -0.25433 0.81686
0.61458 0.51464 0.55528
0.10996 0.44774 0.16585
0.64334 0.37150 0.24957
1.00696 0.39615 0.43011
0.82582 0.63673 0.44470
0.21580 0.39379 0.51225
0.61518 0.78865 0.80199
0.71269 0.32720 0.69665
0.93894 0.87777 0.58070
0.83275 0.16141 0.97283
0.33035 0.75958 0.63759
0.91319 0.85814 0.79864
0.28200 0.59540 0.95202
0.70516 0.31835 0.42458
0.13992 0.35258 0.37943
0.34875 0.21621 0.49980
0.93107 0.54744 0.01864
0.03156 0.71578 0.20814
0.33517 0.10308 0.06648
0.15376 0.31032 0.10180
0.95260 0.76962 0.08541
0.85678 0.57945 0.02064
0.49749 0.08621 0.87366
0.30217 0.51800 0.17975
0.87682 0.18474 0.84387
0.41584 0.83263 0.52650
0.46931 0.22570 0.94059
0.04779 0.69466 0.90346
0.13506 0.25704 0.81188
0.34427 0.76334 0.57696
0.59418 0.98138 0.89197
0.36282 0.88082 0.37044
0.42719 0.19055 0.01678
0.97352 0.23710 0.21340
0.92176 0.27394 0.16097
0.24900 0.33032 0.62615
1.01192 0.75929 0.81481
0.62753 0.29619 0.75586
0.07534 0.76834 0.84366
0.44080 0.30796 0.95677
0.03811 0.96949 0.00726
0.23870 0.66080 0.66728
0.28289 0.89882 0.89294
0.04923 0.54810 0.52879
0.33224 0.93972 0.21940
0.50623 0.92646 0.88311
0.67936 0.59701 0.98359
0.03913 0.83581 0.15657
0.90733 0.68461 0.15812
0.46953 0.11670 0.70752
0.73460 0.55378 0.24911
0.94756 0.36989 0.01160
0.00514 0.11826 0.21503
0.76422 0.30255 0.03038
0.60522 0.19931 0.89810
0.36412 0.50855 0.66644
0.61554 0.10781 0.41467
0.50852 0.50189 0.49680
0.95344 0.59000 0.25390
0.25610 0.55451 0.46308
0.54494 0.96411 0.18089
0.91927 0.97673 0.71846
0.96733 0.15722 0.85224
0.71069 0.63548 0.54040
0.46056 0.98705 0.98650
0.44871 0.17368 0.44184
0.92524 0.77568 0.29128
0.43349 0.42235 0.34825
0.27460 0.62101 0.19144
0.12188 0.77246 0.48136
0.76270 1.00230 0.16575
0.02214 0.12283 0.74684
0.50043 0.56131 0.78749
0.72133 0.43946 0.69445
0.72708 0.77882 0.66204
0.28592 0.34208 0.49612
0.98484 0.20399 0.88064
0.57835 0.21515 0.41517
0.65248 0.72909 0.02833
0.44930 0.94504 0.60209
0.46798 0.94192 0.20345
0.75769 0.69102 0.14980
0.81907 0.67291 0.57268
0.95165 0.71096 0.97874
0.93172 0.87054 0.44266
0.60841 0.64668 0.45141
0.25558 0.28196 0.68347
0.79546 0.12964 0.22727
0.73521 0.48209 0.87650
0.74874 0.66390 0.57806
0.42638 0.67314 0.29712
0.40208 0.63822 0.61344
0.15922 0.66601 0.89004
0.11318 0.89216 0.19400
0.69841 0.33303 0.58085
0.23526 0.03003 0.73762
0.70391 0.49393 0.87288
0.63354 0.32404 0.06464
0.26626 0.20488 0.99450
0.51252 0.91213 0.78364
0.85573 0.55178 0.71555
0.16686 0.70545 0.51127
0.30943 0.13653 0.92281
0.08149 0.85595 0.37985
0.57995 0.15458 0.84005
0.18546 0.91660 0.75387
0.27225 0.13658 0.36387
0.31452 0.68698 0.45253
0.02230 0.04268 0.29725
0.54379 0.77861 0.47326
0.54768 0.67788 0.27614
0.75718 0.03151 0.18839
0.76566 0.14931 0.52603
0.97789 0.31020 0.09838
0.73001 0.31107 0.86184
0.95070 0.30596 0.72774
0.73967 0.08429 0.64270
0.85153 0.80077 0.91634
0.51714 0.83948 0.41023
0.12793 0.59994 0.73352
0.53976 0.02109 0.56816
0.48510 0.53260 0.02573
0.81415 0.85441 0.50659
0.78480 0.20706 0.45165
0.40436 0.80841 0.12351
0.08241 0.16303 0.17846
0.36452 0.90147 0.81157
0.06239 0.63574 0.94042
0.15616 0.61310 0.74202
0.08554 0.09250 0.55844
0.28624 0.35382 0.96681
0.82766 0.44599 0.02691
0.85182 0.15200 0.90434
0.45184 0.21914 0.78817
0.70861 0.15674 0.33675
0.06925 0.61718 0.05522
0.47835 0.93684 0.94901
0.85181 0.12654 0.57333
0.16614 0.72678 0.61588
0.01853 0.04275 0.25573
0.44827 0.10612 0.66723
0.71725 0.33570 0.11580
0.61562 0.40773 0.92089
0.36317 0.08867 0.14778
0.71675 0.05134 0.96529
0.59443 0.36160 0.54877
0.62698 0.51731 0.81186
0.36553 0.97976 0.50888
0.90479 0.58330 0.21372
0.61915 0.75806 0.16831
0.32281 0.74514 0.72632
0.19969 0.28858 0.72400
0.20217 0.42710 0.09128
0.11182 0.44139 0.13901
0.14171 0.81273 0.00423
0.05706 0.43664 0.11959
0.77933 0.08434 0.23760
0.26317 0.16634 0.30289
0.84374 0.09413 0.00486
0.43565 0.85966 0.91600
0.61087 0.98333 0.09388
0.45712 0.59195 0.07819
0.49395 0.08071 0.13397
0.66459 0.82890 0.46207
0.40575 0.75904 0.58726
0.69928 0.22261 0.81211
0.54456 0.19390 0.03971
0.74633 0.86131 0.65162
0.47754 0.94225 0.08055
0.42844 0.76141 0.97522
0.66215 0.91358 0.38882
0.83966 0.54729 0.57491
0.54947 0.31517 0.78431
0.59857 0.04551 0.81224
0.82510 0.53753 0.45773
0.93632 0.29760 0.01091
0.81657 0.95305 0.51824
0.80963 0.01566 0.39004
0.55913 0.09369 0.29958
0.17411 0.88322 0.83385
0.81651 -0.29420 0.15787
0.68000 0.21790 0.97838
0.23441 0.05342 0.43996
1.94741 1.59373 0.67491
0.58425 0.41708 0.15485
0.96788 0.37088 0.63232
0.81758 0.84885 0.74227
0.33574 0.01360 0.13245
0.29666 0.31000 0.13261
0.22008 0.86499 0.56792
-0.06715 0.85064 0.09287
0.82905 0.59181 0.66628
0.97890 0.91274 0.48810
0.96209 0.27765 0.20960
0.50493 0.92101 0.36035
0.65959 0.37777 0.13805
0.78449 0.19718 0.43216
0.57719 0.41332 0.84713
0.83630 0.45530 0.17950
0.60444 0.31432 0.73956
0.32383 0.56675 0.27039
0.03733 0.56226 0.21449
0.46608 0.80913 0.09723
0.17611 0.91112 0.02574
0.50778 0.95772 0.25494
0.24415 0.45919 0.30054
0.36228 0.23093 0.63242
0.62107 0.32366 0.55130
0.97546 0.91094 0.98887
0.77173 0.72260 0.49751
0.13482 0.14125 0.77625
-0.05317 -0.45192 0.00795
0.57831 0.40581 0.20900
0.60199 0.03049 0.65987
0.59102 0.52280 0.07296
0.81961 0.67645 0.37586
0.12527 0.72853 0.66489
1.00775 0.41169 0.71988
0.33824 0.66530 0.19283
0.12413 0.59564 0.69509
0.89084 0.29087 0.69106
0.00433 0.61782 0.17105
0.70707 0.19443 0.51902
0.61180 0.70121 0.48516
0.92361 0.15476 0.17043
0.01372 0.27493 0.90286
0.11757 0.54393 0.80807
0.39146 0.02035 0.48345
0.63278 0.81889 0.78283
0.04736 0.60439 0.83342
0.79613 -0.12453 0.61164
0.40357 0.73889 0.30016
0.16205 0.85338 0.11773
0.60174 0.02057 0.48484
0.69830 0.53762 0.94885
0.94240 0.52297 0.57141
0.70349 0.88556 0.01391
0.55297 0.82928 0.54263
0.38253 0.22465 0.98331
0.53655 0.48551 0.62025
0.05029 0.54543 0.01473
0.04175 0.15196 0.35626
0.07930 0.42532 0.56221
0.58849 0.78962 0.97448
0.99092 0.56511 0.11547
0.76485 0.72110 0.60976
0.58125 0.44472 0.07827
0.39687 0.51414 0.82340
0.39450 0.28652 0.08986
0.48273 0.71890 0.97535
0.32361 0.14644 0.44232
0.13295 0.38726 0.24436
0.58965 0.17527 0.13645
0.55416 0.30917 0.47710
0.17321 0.82621 0.92141
0.29098 0.69273 0.46474
0.31836 0.84857 0.95682
0.79753 0.07247 0.20224
0.43577 0.90118 0.99772
0.79770 0.03073 0.99371
0.49530 0.77445 0.51470
0.22250 0.04787 0.48858
0.15397 0.62819 0.46654
0.39131 0.22898 0.88784
0.02020 0.38015 0.39774
0.31723 0.05959 0.19122
0.30309 0.47649 0.73220
0.12206 0.65998 0.63092
0.22968 0.86664 0.61326
0.79385 0.03810 0.65472
0.72580 0.08856 0.70708
0.70124 0.54701 0.62289
0.51724 0.78596 0.16647
0.68627 0.46521 0.32044
0.83517 0.60418 0.03870
0.03753 0.90278 0.84578
0.73392 0.80599 0.75788
0.45527 0.61793 0.28895
0.87035 1.05254 0.20945
0.44200 0.62498 0.80858
0.79173 0.41683 0.14962
0.50562 0.70256 0.10779
0.12344 0.78221 0.39274
0.78772 0.27710 0.61088
0.82226 0.72096 0.48939
0.40862 0.50486 0.71280
0.48764 0.86040 0.58198
0.96428 0.02132 0.16268
0.67187 0.89166 0.83014
0.59811 0.88743 0.62435
0.17854 0.12259 0.35892
0.20784 0.33616 0.64135
0.69465 0.24980 0.47663
0.45943 0.60050 0.49191
0.86524 0.70921 0.84118
0.79208 0.09609 0.16002
0.52593 0.38038 0.27573
0.83733 0.04403 0.98992
0.29749 0.64366 0.86419
0.44417 0.46937 0.89636
0.98249 0.11955 0.18350
0.85361 0.53787 0.03485
0.46573 0.08411 0.24388
0.30923 0.05496 0.28352
0.58307 0.43462 0.39703
0.92305 0.58817 0.98292
-0.13556 -0.85585 0.48997
0.16543 -0.25766 0.82388
0.71413 0.90654 0.71600
0.27905 0.58588 0.06763
0.69123 0.11501 0.15867
0.06123 0.47284 0.89390
0.49254 0.12037 0.91086
0.20676 0.22378 0.43169
0.05956 0.96338 0.85353
0.91258 0.87267 0.23479
0.75951 0.90186 0.99417
0.35325 0.46822 0.56530
0.88741 0.92711 0.67206
0.07308 0.94980 0.86253
0.28640 0.20717 0.46522
0.43444 0.05921 0.76648
0.64665 0.70083 0.76167
0.77544 0.05137 0.94781
0.74946 0.06931 0.13555
0.28774 0.64280 0.04668
0.11106 0.50889 0.19953
0.70756 0.75230 0.44076
0.01306 0.23532 0.56353
0.13128 0.97086 0.64750
0.49439 0.44529 0.10891
0.09380 0.75763 0.82423
0.17058 0.34000 0.62697
0.42539 0.68217 0.47559
0.30255 0.53495 0.35038
0.36132 0.46587 0.06489
0.21327 0.52781 0.63389
0.53866 0.05458 0.03349
0.75797 0.30067 0.67136
0.38147 0.69200 0.61789
0.17187 0.69054 0.97772
3.56583 -11.25013 0.07266
0.38485 0.69527 0.27339
0.02732 0.19586 0.62116
0.85445 0.96140 0.72267
0.94747 0.40886 0.06142
0.78565 0.08709 0.01036
0.04345 0.40203 0.88319
0.36209 0.36892 0.96029
0.19123 0.38351 0.64863
0.05421 0.12120 0.96975
0.69121 0.87567 0.15620
0.74973 0.66610 0.06931
0.41357 0.67482 0.31925
0.16896 -0.72648 0.11442
0.24710 0.20264 0.67063
0.79441 0.09190 0.30313
0.52727 0.27099 0.74419
0.59762 0.36525 0.28851
0.43237 0.19035 0.67760
0.61228 0.69249 0.86350
0.13112 0.39016 0.57957
0.36290 0.59053 0.66350
0.13904 0.72318 0.61170
0.29082 0.73632 0.03555
0.19143 0.90327 0.82047
1.01940 0.26204 0.46726
0.15378 0.50347 0.23319
0.44711 0.31239 0.57986
0.62820 0.13712 0.64867
0.77654 0.22312 0.85002
0.41687 0.13973 0.40476
0.13171 0.60876 0.17292
0.10423 0.19808 0.20345
0.88815 0.15084 0.08116
0.50978 0.40035 0.43642
0.35643 0.88557 0.73239
0.29571 0.81561 0.69020
0.85625 0.42344 0.61927
0.85711 0.05587 0.40173
2.09927 1.02375 0.99209
0.02071 0.92395 0.91973
0.40759 0.30007 0.22178
0.66544 0.41720 0.11766
0.41366 0.20650 0.84780
0.18074 0.16289 0.98332
0.95874 0.09513 0.57637
0.17358 0.09498 0.01328
0.02068 0.09797 0.70535
0.03076 0.34539 0.56952
0.20308 0.71720 0.68802
0.30642 0.67405 0.24292
0.80150 0.87079 0.06098
0.67753 1.91376 0.83622
0.99595 0.67461 0.90956
0.51260 0.70967 0.41992
0.90691 0.97241 0.95684
0.70431 0.36936 0.63127
0.82664 0.69207 0.18822
0.58666 0.77061 0.24792
0.47420 0.42621 0.54313
0.32447 0.81611 0.90450
0.15286 0.92043 0.94126
0.61494 0.71970 0.25631
0.34313 0.30316 0.71031
0.47578 0.44989 0.61716
0.68672 0.23165 0.86031
0.13491 0.30311 0.58140
0.70103 0.50592 0.43094
0.81434 0.13508 0.80146
0.31284 0.90554 0.80480
0.30440 0.47384 0.94822
0.48187 0.10007 0.96593
0.56964 0.19502 0.58824
0.90458 0.78612 0.40557
0.34410 0.06228 0.85488
0.96188 0.03471 0.99096
0.65610 0.12970 0.17824
0.70058 0.02266 0.51017
0.24748 0.19418 0.31456
0.30844 0.56155 0.09790
0.78806 0.80343 0.81161
0.02395 0.00945 0.92818
0.40253 0.38764 0.38082
0.42097 0.35257 0.86325
0.86947 0.63181 0.78026
0.72360 0.55002 0.10260
0.52493 0.92656 0.12945
0.80323 0.74778 0.02347
0.11892 0.34921 0.41567
0.85788 0.15782 0.96436
0.73488 0.97984 0.85000
0.39503 0.56303 0.25403
0.21849 0.08581 0.52060
0.82555 0.94753 0.94605
0.76283 0.44946 0.66563
0.41975 0.33754 0.60005
0.04095 0.49344 0.77752
1.54441 1.86239 0.60778
0.17665 0.59458 0.47827
0.75301 0.07775 0.86257
0.04610 0.95424 0.61750
0.10528 0.93856 0.54568
0.70937 0.50428 0.72743
0.57807 0.48759 0.41168
0.97070 0.02961 0.31789
0.65237 0.18425 0.00948
0.72941 0.07693 0.81840
0.11110 0.19744 0.13702
0.97938 0.04437 0.85699
1.00165 1.00203 0.30381
0.33712 0.38154 0.14161
0.71751 0.50796 0.22618
0.97371 0.30725 0.07697
0.65300 0.80341 0.22873
0.21089 0.39477 0.61936
0.96639 0.86728 0.76054
1.22395 0.44643 0.95363
0.51876 0.14613 0.34541
0.50716 0.86702 0.15618
0.92941 0.80349 0.88950
0.19830 0.14405 0.56958
0.03220 0.56823 0.39681
0.34457 0.48573 0.58138
0.78910 0.30037 0.15598
0.32864 0.56671 0.83259
0.94568 0.68222 0.50389
0.48730 0.09876 0.86296
0.96653 0.88575 0.78883
0.53904 0.62248 0.36814
0.36344 0.95316 0.43472
0.55095 0.57399 0.48667
0.07591 0.74160 0.48690
0.08401 0.07507 0.73617
0.83599 0.11138 0.81944
0.28925 0.96983 0.21722
0.52090 0.64887 0.66773
0.19341 0.40393 0.62846
0.49714 0.85490 0.24647
0.49953 0.47949 0.48413
0.35612 0.70777 0.83450
0.92929 0.22666 0.31112
0.11533 0.60880 0.96986
0.87904 0.11361 0.12183
0.81249 0.97400 0.41462
0.33433 0.94709 0.63770
0.29020 0.83726 0.19833
0.38762 0.88596 0.23532
0.15446 0.87003 0.69331
0.91474 0.75109 0.30766
0.21199 0.03518 0.49007
0.01303 0.42267 0.57852
0.76606 0.18244 0.11801
0.44655 0.46462 0.64654
0.08237 0.61254 0.12039
0.56775 0.07458 0.14057
0.52670 0.12857 0.27012
0.14653 0.18761 0.30144
0.66138 0.92634 0.39710
0.47097 0.26248 0.13981
0.80338 0.37942 0.62703
0.15655 0.37015 0.29639
0.68774 0.42163 0.62710
0.67051 0.25463 0.94512
0.72346 0.10896 0.26006
0.27843 0.69463 0.27724
0.78596 0.82627 0.33638
0.51823 0.81785 0.16528
0.28943 0.37846 0.91850
0.05291 0.27446 0.27954
0.52615 0.16500 0.25044
0.16257 0.86533 0.35821
0.07780 0.27721 0.47626
0.33660 0.04167 0.47370
0.77989 0.80202 0.12278
0.71741 0.53966 0.73244
0.66261 0.70173 0.95760
0.47580 0.52029 0.33764
0.43836 0.40215 0.69243
0.50868 0.80921 0.68017
0.26539 0.79192 0.14559
0.79664 0.13539 0.75956
0.50223 0.64433 0.28188
0.53259 0.63699 0.54149
0.40215 0.80835 0.24464
0.04158 0.43685 0.27848
0.38470 0.15575 0.79551
0.85120 0.43673 0.01864
0.88107 0.07118 0.32375
0.95022 0.72288 0.69372
0.35407 0.24592 0.72964
0.57692 0.46587 0.57609
0.66847 0.51826 0.36198
0.28214 0.48033 0.43833
0.83825 0.52282 0.87124
0.40195 0.96365 0.36797
0.44373 0.25937 0.89269
0.28590 0.80061 0.37923
0.68642 0.86369 0.16189
0.71865 0.54682 0.58484
0.59064 0.53761 0.57628
0.70466 0.13938 0.63981
0.12799 0.32121 0.89100
0.41728 0.60154 0.24495
-0.17028 0.19028 0.67458
0.60088 0.83730 0.75662
0.04927 0.44895 0.81067
0.68109 0.51496 0.70241
0.14461 0.43709 0.04344
0.80042 0.71967 0.45361
0.97978 0.67996 0.07587
0.20345 0.03572 0.22078
0.43277 0.91844 0.85253
0.49275 0.92619 0.27565
0.04910 0.61139 0.25760
0.42615 0.56548 0.37533
0.45868 0.25292 0.14925
0.49047 0.55981 0.44468
0.91805 0.77371 0.60857
0.31355 0.88667 0.47141
0.28130 0.21393 0.79582
-3.21424 3.78205 0.04736
0.96133 0.53636 0.20239
0.77892 0.55357 0.19802
0.85727 0.65059 0.24828
0.76080 0.73669 0.20273
0.97099 0.20927 0.02818
0.41898 0.24676 0.91163
0.26943 0.03150 0.63115
0.29959 0.72127 0.60231
0.91412 0.20990 0.15612
0.02267 0.41738 0.13030
0.61677 0.59678 0.61385
0.12439 0.20478 0.17866
0.91169 0.29657 0.07471
0.34577 0.86998 0.79312
0.79776 0.08737 0.09382
0.69107 0.66061 0.28825
0.98061 0.23430 0.41412
0.77419 0.52032 0.59269
0.81915 0.29372 0.96749
0.78910 0.72838 0.70265
-2.24823 0.73251 0.89159
0.10728 0.94865 0.99350
0.09097 0.80101 0.16376
0.79235 0.78846 0.84594
0.27095 0.70573 0.50851
0.06623 0.32164 0.12374
0.89887 0.34605 0.56557
0.58079 0.20224 0.38962
0.49143 0.83937 0.56124
0.76174 0.05297 0.51057
0.72636 0.74995 0.99539
0.62761 0.48503 0.96585
0.46778 0.57257 0.64837
0.20864 0.86859 0.09969
0.04544 0.40921 0.10989
0.41009 0.74144 0.90202
0.53209 0.06413 0.69325
0.02402 0.43345 0.71957
0.60289 0.39392 0.06051
0.85896 0.75592 0.23488
0.83650 0.03927 0.97489
0.70476 0.24324 0.91731
0.54977 0.86562 0.76484
0.36698 0.53941 0.74529
0.75253 0.09247 0.52805
0.35690 0.36818 0.84707
0.96513 0.35762 0.42429
0.04807 0.91705 0.13239
0.37611 0.67453 0.52423
0.24764 0.71441 0.29301
0.94342 0.65659 0.80563
1.88549 -1.00099 0.11730
0.42143 0.53366 0.88009
0.79897 0.37922 0.92777
0.40956 0.84955 0.50854
0.57999 0.83983 0.60099
0.44434 0.97461 0.50710
0.02916 0.20631 0.46393
0.33343 0.65897 0.54522
0.46574 0.71319 0.79000
0.07739 0.72521 0.38091
0.75300 0.59813 0.90913
0.44551 0.96990 0.88368
0.21726 0.20632 0.76789
0.67754 0.93258 0.64596
0.15346 0.24377 0.78557
0.35881 0.53519 0.48548
0.61537 0.26605 0.25532
0.36440 0.41310 0.69544
0.58800 0.36774 0.64901
0.53092 0.38476 0.58138
0.59397 0.90401 0.90138
0.33691 0.88248 0.24326
0.27787 0.71179 0.57404
0.27712 0.77250 0.73021
0.97037 0.21519 0.00463
0.40498 0.29958 0.90213
0.88163 0.44807 0.68771
0.53288 0.13031 0.31821
0.17102 0.25416 0.18773
0.72457 0.06179 0.85926
0.46788 0.42649 0.20145
0.43040 0.31645 0.76936
0.90103 0.55330 0.45744
0.88512 0.45538 0.35716
0.54201 0.84102 0.26530
0.51498 0.24771 0.24200
0.41513 0.57100 0.09154
0.96974 0.93357 0.28914
0.92789 0.57102 0.04823
0.33209 0.47391 0.83432
0.66506 0.82527 0.80917
0.59874 0.55635 0.10079
0.41450 0.73139 0.69500
0.44735 0.18407 0.45738
0.25527 0.42801 0.38509
0.59003 0.46933 0.87825
0.96168 0.51138 0.06015
0.35503 0.51544 0.58785
0.17006 0.92719 0.86627
0.88818 0.30949 0.21629
0.69039 0.63524 0.45646
0.79552 0.64127 0.58121
0.45035 0.96108 0.63475
0.21913 0.87075 0.76996
0.64226 0.26067 0.23452
0.48973 0.53902 0.23283
0.85667 0.83801 0.89364
0.91621 0.39321 0.64931
0.81842 0.09602 0.18309
0.75554 0.30723 0.89306
0.22926 0.72446 0.69544
0.74971 0.67819 0.53017
0.65535 0.77792 0.41333
0.90237 0.18338 0.25114
0.77623 0.55153 0.76710
0.80377 0.22053 0.74873
0.79825 0.08707 0.36786
0.89421 0.44011 0.27936
0.80923 0.37775 0.34545
0.44542 0.08118 0.67072
0.10729 0.06522 0.21097
0.54490 0.95933 0.76734
0.40671 0.71573 0.01149
0.62677 0.44781 0.08948
0.10831 0.01579 0.37402
0.08671 0.82011 0.05323
0.48854 -0.11647 0.67708
0.22970 0.38273 0.50009
0.91034 0.75604 0.29653
0.93101 0.28381 0.74058
0.47118 0.39938 0.80297
0.14953 0.55971 0.51071
0.49628 0.95560 0.16887
0.64369 0.40106 0.75926
0.11307 0.71188 0.92056
0.51792 0.66584 0.71584
0.45930 0.53469 0.19413
0.01717 0.61664 0.29589
0.67852 0.66055 0.60640
0.69923 0.34184 0.41958
0.47191 0.52818 0.95212
0.89325 0.69933 0.31545
0.26945 0.92640 0.14364
0.48136 0.78172 0.53819
0.85733 0.43622 0.40568
0.76570 0.27502 0.00934
0.05710 0.21862 0.18199
0.63989 0.50472 0.38236
0.99709 0.64805 0.08442
0.01573 0.30779 0.10732
0.47152 0.26205 0.92499
0.12444 0.02023 0.97841
0.86503 0.39517 0.08639
0.08174 0.09833 0.12040
0.83643 0.63675 0.45206
0.51479 0.35748 0.55834
0.68957 0.60170 0.39923
0.17233 0.63209 0.01109
0.29537 0.62937 0.66047
0.37602 0.87979 0.98411
0.84946 0.43323 0.49464
0.70086 0.80696 0.57268
0.02520 0.77177 0.49552
0.19397 0.61896 0.63607
0.55274 0.50401 0.00745
0.35057 0.11220 0.69728
0.58545 0.98048 0.21612
0.17774 0.74791 0.09633
0.90437 0.85620 0.04409
0.11536 0.38804 0.09381
0.41091 0.61915 0.86706
0.90898 0.45809 0.35803
0.32575 0.96076 0.18151
1.18283 1.04865 0.02063
0.02675 0.15216 0.99665
0.15935 0.17056 0.74764
0.45705 0.12727 0.25791
0.66777 0.51818 0.82778
0.88099 0.86394 0.09839
0.35059 0.95572 0.48345
0.37483 0.44898 0.50423
0.48052 0.25968 0.91702
0.90809 -0.94455 0.53594
0.23976 0.06802 0.00738
0.03890 0.70344 0.37514
0.63963 -1.64307 0.64231
0.74269 0.36250 0.32244
-0.04611 1.11044 0.73174
0.74087 0.83019 0.69376
0.63028 0.94068 0.93793
0.57044 0.92373 0.70655
0.92264 0.55758 0.56341
0.23361 0.21636 0.39266
0.19146 0.91235 0.11287
-0.10846 0.64486 0.74451
0.36541 0.32087 0.95196
0.87127 0.84662 0.57006
0.29396 0.76416 0.64181
0.94797 0.87604 0.59740
0.14068 0.08226 0.42714
0.49981 0.45845 0.38273
0.60090 0.33547 0.68930
0.24336 0.72519 0.65120
0.28793 0.60169 0.90744
0.17009 0.22786 0.92900
0.86055 0.74082 0.44476
0.13138 0.27094 0.81610
0.98061 0.94353 0.32261
0.52672 0.48229 0.91988
0.75881 0.96087 0.10423
0.20944 0.59312 0.79513
0.64078 0.66954 0.75288
0.21097 0.25668 0.83129
0.42456 0.60953 0.92055
0.78785 0.87594 0.91172
0.57940 0.20143 0.09087
0.49355 0.12521 0.07972
0.06165 0.66975 0.37858
0.20429 0.52850 0.12970
0.65852 0.76083 0.13904
0.32125 1.10826 0.65685
0.58609 0.72529 0.77987
0.32624 0.51890 0.30985
2.42672 0.64255 0.36885
0.52774 0.02504 0.63809
0.22798 0.24676 0.00992
0.78142 0.28184 0.27138
0.78331 0.54936 0.35969
0.60058 0.34386 0.31536
0.79814 0.49207 0.57274
0.60263 0.84436 0.70021
0.09324 0.67335 0.58893
0.46365 0.96433 0.17540
0.70122 0.32791 0.63961
3.29714 0.72395 0.93720
0.62290 0.11537 0.07278
0.08663 0.69540 0.04971
1.73677 1.24940 0.43270
0.94722 0.74578 0.85255
0.68536 0.35929 0.38851
0.64472 0.33782 0.04918
0.82015 0.03217 0.84675
0.52599 0.71993 0.77431
0.66044 0.40449 0.36688
0.69947 0.27804 0.63365
0.93734 0.38526 0.68355
0.77247 0.04982 0.91626
0.59262 0.93554 0.07478
0.69603 0.47004 0.59544
0.58795 0.75361 0.00750
0.93078 0.34739 0.39383
0.37960 0.79385 0.66489
0.92507 0.45999 0.12391
0.20551 0.17442 0.15164
0.90618 0.42749 0.82545
0.29365 0.55549 0.32424
0.35104 0.50020 0.09456
0.47521 0.89773 0.42681
0.74768 0.42101 0.35121
0.11816 0.89114 0.18797
0.49057 0.24935 0.68606
0.73164 0.81740 0.47428
0.78056 0.22993 0.07129
0.02814 0.60015 0.74826
0.16178 0.12152 0.85322
0.92458 0.38715 0.43726
0.07530 0.35538 0.11144
0.44804 0.36576 0.38450
0.21347 0.79180 0.78815
0.93781 0.76917 0.04502
0.34132 0.46227 0.64864
0.52691 0.92117 0.99666
0.65818 0.17559 0.89870
0.17821 1.00124 0.03562
0.21604 0.37539 0.28711
0.11905 0.88610 0.69157
0.60604 0.73962 0.18502
0.30014 0.56096 0.11890
0.58068 0.49504 0.09686
0.53913 0.86452 0.02805
0.84421 0.05578 0.47876
0.42331 0.94610 0.34496
0.63315 0.31548 0.35562
0.33258 0.67130 0.72454
0.34449 0.32178 0.90111
0.60546 0.87618 0.55386
0.43833 0.78385 0.11364
0.41679 0.10038 0.40365
0.78740 0.80988 0.60977
0.08578 0.56903 0.16022
0.81533 0.88700 0.52393
0.43921 0.95395 0.12298
0.23321 0.23003 0.04736
0.09268 0.90107 0.71612
0.67412 0.51032 0.92471
0.53298 0.60372 0.69203
0.95275 0.21264 0.16878
0.31841 0.28640 0.13704
2.19325 0.13540 0.60629
0.38366 0.55939 0.03453
0.03130 0.45107 0.01023
0.93496 0.52978 0.13646
0.11637 0.95424 0.44556
0.46344 0.96127 0.09099
0.30471 0.76070 0.43173
0.15812 0.80587 0.89736
0.43916 0.55675 0.99479
0.31329 0.67613 0.27598
0.84765 0.75179 0.06474
0.10333 0.15947 0.85198
0.14333 0.26059 0.72372
0.68619 0.29546 0.74283
0.36858 0.60947 0.95950
0.09619 0.31729 0.17893
0.18030 0.83838 0.38561
0.54186 0.29308 0.23726
0.97948 0.42840 0.33506
0.69017 0.39369 0.40941
0.60514 0.01886 0.36550
0.12755 0.04725 0.29054
0.49473 0.05992 0.79008
0.06520 0.39306 0.58369
0.46970 0.54300 0.11543
0.81986 0.10370 0.89530
0.04287 0.09744 0.48873
0.30220 0.47087 0.75151
0.11506 0.72447 0.42004
0.62715 0.37274 0.34312
2.31612 -2.22311 0.32181
0.19850 0.90380 0.99667
0.21951 0.72478 0.31444
0.49055 0.74721 0.17326
0.26207 0.35992 0.56370
0.48060 0.67534 0.24933
0.27674 0.30407 0.33067
0.76490 0.34229 0.13763
0.66256 0.52025 0.06737
0.04112 0.71017 0.07397
0.40503 0.14251 0.95674
0.04855 0.13621 0.22923
0.40261 0.38941 0.47599
-0.07824 1.26995 0.57518
0.58718 0.48253 0.97133
0.07265 0.82569 0.57662
0.93048 0.54834 0.66655
0.77541 0.34217 0.48888
0.81698 0.83347 0.16547
0.47751 0.43531 0.42507
0.72660 0.57373 0.25360
0.59361 0.08645 0.30705
0.66964 0.39073 0.26043
0.44200 0.07633 0.12619
0.54281 0.45945 0.26948
0.96928 0.76247 0.81948
0.16088 0.61676 0.25018
0.13282 0.93047 0.33798
0.56768 0.30705 0.76412
0.90497 0.53675 0.46547
0.52158 0.27741 0.24552
0.23923 0.91852 0.78236
0.44263 0.57377 0.81564
1.29269 0.67900 0.26578
0.30247 0.37447 0.49881
0.33250 0.05172 0.31489
0.23118 0.35126 0.38005
0.23244 0.93041 0.06511
0.10984 0.06960 0.16035
-1.80715 0.01514 0.21042
0.40082 0.22317 0.60527
0.20898 0.86442 0.05504
0.76176 0.28361 0.89413
0.31091 0.30937 0.57544
0.15803 0.14118 0.97024
0.26103 0.61331 0.28023
0.02958 0.08665 0.82099
0.94167 0.37849 0.37845
0.32570 0.05923 0.82919
0.79244 0.70175 0.17064
0.80540 0.21075 0.56643
0.12587 0.81299 0.93060
0.96335 0.68548 0.12299
0.61394 0.52915 0.28493
0.21904 0.12824 0.51231
0.77967 0.40618 0.74252
-0.02759 0.83585 0.25329
0.52038 0.75469 0.72954
0.81155 0.06990 0.41706
0.84376 0.28999 0.85299
0.86633 0.78711 0.90885
-0.54559 -0.06293 0.40091
0.19372 0.88705 0.98983
0.24687 0.18074 0.08061
0.18935 0.81559 0.70114
0.78717 0.85980 0.31317
0.87559 0.55969 0.14160
1.01169 0.44398 0.24548
0.38263 0.21231 0.01770
0.32986 0.94542 0.19431
0.73197 0.75140 0.79000
0.10378 0.55712 0.10529
0.60172 0.49829 0.68950
0.82612 0.54184 0.17893
0.35602 0.20765 0.32734
0.87711 0.33378 0.73843
0.88875 0.17795 0.24586
0.80776 0.90009 0.31979
0.77950 0.97997 0.18488
0.39414 0.08098 0.32692
0.52655 0.34628 0.01648
0.67631 0.66124 0.21211
0.86032 0.55748 0.98854
0.97874 0.29246 0.88630
0.80448 0.35400 0.73052
0.97372 0.02338 0.64476
0.97809 0.96762 0.22967
0.39245 0.75172 0.53318
0.26881 0.47219 0.38018
0.73031 0.15731 0.89477
0.45787 0.56634 0.51598
0.05534 0.79738 0.09308
0.84342 0.11556 0.09937
0.58686 0.01617 0.65250
0.92778 0.70672 0.23390
0.45066 0.18217 0.63193
0.70831 0.49482 0.55018
0.62763 0.65639 0.52373
0.05813 0.55634 0.30186
0.24024 0.04451 0.31835
0.29050 0.63929 0.44944
0.71193 0.92055 0.36073
0.88971 0.93964 0.64145
0.30239 0.67721 0.49076
0.19857 0.66607 0.17944
0.59844 0.52909 0.75421
0.27257 0.24158 0.83047
0.67425 0.08985 0.05502
0.76371 0.82874 0.12287
0.95459 0.99912 0.33260
0.79933 1.10210 0.96701
0.49480 0.02797 0.52472
0.59161 0.92998 0.13780
0.84526 0.37820 0.13731
0.97429 0.60768 0.81999
0.74362 0.09701 0.44453
0.90510 0.66673 0.65695
0.63351 0.77487 0.94681
0.42319 0.32014 0.72321
0.90537 0.51133 0.48269
0.84840 0.79690 0.38551
0.95024 0.70195 0.14291
0.41994 0.53691 0.63658
0.21366 0.22066 0.27258
0.87784 1.23894 0.76021
0.90545 0.93482 0.01602
0.53524 0.29129 0.31463
0.29554 0.49813 0.14487
0.78687 0.68963 0.08391
0.39724 0.07225 0.55888
0.68935 0.38962 0.32356
0.54271 0.12428 0.60866
0.53003 0.05418 0.93705
-0.98326 -0.29343 0.13260
0.68207 0.18925 0.58426
0.97891 0.09717 0.35961
0.64755 0.32336 0.87921
0.35361 0.83844 0.50428
0.95410 0.35257 0.06204
0.92308 0.70825 0.67863
0.19193 0.27471 0.35571
0.42159 0.67620 0.77058
0.79587 0.81307 0.56723
0.73771 0.45111 0.32011
0.17469 0.46543 0.71897
0.24495 0.93359 0.59836
0.31988 0.39202 0.00948
0.58222 0.13214 0.49988
0.70282 0.27113 0.54492
0.87870 0.28181 0.98408
0.38338 0.18445 0.90575
0.62915 0.55380 0.84108
0.69099 0.24443 0.45621
0.79094 0.65305 0.89771
0.35544 0.99787 0.28656
0.75260 0.96957 0.63482
0.35961 0.77669 0.49972
0.99950 0.21320 0.94473
0.91035 0.24148 0.17054
0.26719 0.59563 0.85118
0.12991 0.47581 0.49342
0.03219 0.79223 0.42011
0.02259 0.82064 0.46424
0.14986 0.20810 0.18302
0.53052 0.63088 0.43576
0.57248 0.66545 0.94540
0.24828 0.02669 0.82529
0.58790 0.96638 0.95529
0.65328 0.83891 0.04689
0.42435 0.27192 0.43707
0.94620 0.38263 0.83381
0.60756 0.77780 0.00592
0.83822 0.61923 0.32455
0.27458 0.82847 0.67613
-0.10927 0.57819 0.38869
0.48361 0.06738 0.83773
0.12441 0.52659 0.32932
0.70778 0.16994 0.22082
0.60289 0.02999 0.78730
0.81239 0.53865 0.77138
0.09669 0.40686 0.50684
0.32676 1.00159 0.39943
0.09037 0.28537 0.17207
0.93453 0.29514 0.50149
0.18809 0.99395 0.78664
0.03205 0.84035 0.29325
0.61949 0.12277 0.38153
0.07752 0.93242 0.28252
0.42864 0.59655 0.45440
0.51604 0.22391 0.84003
0.06975 0.12913 0.30000
0.52436 0.97157 0.75721
1.18183 1.72736 0.05240
0.14870 0.06971 0.46465
0.22689 0.17972 0.29535
0.64913 0.18017 0.22728
0.01167 0.30409 0.60916
0.58781 0.64631 0.41097
0.75019 0.56541 0.99695
0.75617 0.68212 0.32540
0.19280 0.05321 0.94532
0.63423 0.56623 0.75243
0.36364 0.58387 0.59226
0.78537 0.44608 0.55093
0.81483 0.20309 0.25943
0.95067 0.06926 0.74746
0.41297 0.18681 0.86225
0.75218 0.97964 0.85885
0.52125 0.95664 0.17548
0.65544 0.06509 0.43364
0.41622 0.15087 0.05119
0.09280 0.35235 0.65075
0.12479 0.57646 0.65022
0.56924 0.83355 0.29893
0.65555 0.39475 0.60145
0.41892 0.21743 0.57716
0.53541 -0.33169 0.91507
0.36981 0.11374 0.69388
0.06890 0.67653 0.97797
0.74103 0.60241 0.99620
0.65158 0.74282 0.15085
0.47001 0.05147 0.14690
0.94226 0.68633 0.40447
0.39279 0.15130 0.80695
0.45566 0.56263 0.77849
0.73911 0.19633 0.15481
0.59422 0.82233 0.51334
0.38864 0.70405 0.74160
0.92511 0.65843 0.94119
0.32268 0.37428 0.21200
0.66593 0.44779 0.24516
0.27044 0.38727 0.46937
0.78769 0.48174 0.24103
0.60245 0.19814 0.33664
0.07305 0.76342 0.31167
0.84994 0.88166 0.96939
0.29213 0.20294 0.98287
0.19107 0.29162 0.21894
0.51122 0.47437 0.90513
0.57930 0.85478 0.77353
0.03993 0.59896 0.66978
0.79927 0.61199 0.06951
0.15069 0.48025 0.07082
0.15362 0.52172 0.84813
0.03725 0.17668 0.94954
0.40007 0.90994 0.27499
0.15295 0.09132 0.11410
0.61561 0.34732 0.26483
0.64536 0.77410 0.46674
0.79367 0.05561 0.00801
0.82024 0.58296 0.45119
0.14605 0.08615 0.57816
0.51516 1.11212 0.08364
0.21971 0.95055 0.73548
0.34300 0.21183 0.38999
0.39967 0.76779 0.74397
0.33210 0.31601 0.36938
0.57180 0.82320 0.08392
0.70126 0.39742 0.93439
0.15891 0.56608 0.40728
0.93789 0.85674 0.00914
-0.07170 0.45077 0.70964
0.04210 0.31305 0.55727
0.77277 0.71852 0.35287
0.55642 0.65837 0.43690
0.68150 0.24930 0.15453
0.50967 0.81317 0.88450
0.70169 0.29355 0.43902
0.91430 0.35804 0.36652
0.29880 0.39227 0.35480
0.40197 0.74342 0.97656
0.48699 0.05773 0.76170
0.07067 0.84508 0.07504
0.04307 0.21371 0.91312
0.13827 0.20845 0.14724
0.53326 0.76718 0.07263
0.95459 0.58428 0.08575
0.44400 0.56272 0.73707
0.04515 0.69631 0.16203
0.42169 0.92554 0.89061
0.45155 0.11624 0.15329
0.44826 0.53206 0.64082
0.12138 -0.00830 0.54280
0.34654 0.73294 0.85739
0.15014 0.86649 0.21669
0.70646 0.17264 0.84172
0.43919 0.23910 0.50956
0.85315 0.93578 0.02509
10.62106 1.38203 0.27271
0.86434 0.20089 0.04249
0.98022 0.39767 0.46542
0.51805 0.19333 0.28184
0.50001 0.39534 0.75198
0.92479 0.79467 0.20715
0.52271 0.17622 0.65678
0.30526 0.05162 0.59781
0.03996 0.96744 0.63126
0.63588 0.24733 0.54850
0.44226 0.73910 0.74518
1.06339 -0.16325 0.50524
0.37742 0.55591 0.93604
0.56582 0.18013 0.66817
0.14072 0.07963 0.73624
0.86390 0.41444 0.23143
0.14261 0.89368 0.63168
0.72758 0.25172 0.37298
0.16472 0.29395 0.93878
0.64414 0.41008 0.20597
0.61197 0.58846 0.04123
0.28519 0.75898 0.11098
0.04467 0.21877 0.43177
0.16451 0.34716 0.40097
0.08363 0.72687 0.45656
0.51466 0.23595 0.58626
0.39148 0.55323 0.20345
0.93268 0.44468 0.89662
0.60828 0.57720 0.80609
0.99693 0.85803 0.58845
0.24042 0.87952 0.61606
0.77570 0.28598 0.45413
0.27031 0.60457 0.17523
0.49008 0.96342 0.64749
0.80915 0.28638 0.23901
0.30427 0.66259 0.97734
0.09887 0.97080 0.36662
0.97455 0.73207 0.60536
0.38841 0.39457 0.50437
0.31359 0.26898 0.22271
0.33121 0.07839 0.83160
0.17605 0.07114 0.45791
0.74189 0.05660 0.98252
0.39093 0.31160 0.03844
0.70533 0.40512 0.69960
0.17384 0.66974 0.29247
0.02410 0.71197 0.30488
0.70084 0.59550 0.02755
0.79742 0.25218 0.03701
0.55462 0.14331 0.06747
-0.07470 0.84877 0.80528
0.80510 0.29280 0.55808
0.90864 0.46058 0.56142
0.20621 0.72636 0.83299
0.23054 0.92000 0.23446
0.40960 0.12197 0.82177
1.72746 -0.25646 0.84962
0.82711 0.23386 0.49462
0.02128 0.43529 0.56132
-0.13708 1.87267 0.95346
0.64275 0.16297 0.50091
0.19869 0.81925 0.10940
0.84482 0.42019 0.51174
0.98408 0.96257 0.70760
0.49590 0.95860 0.01172
0.93029 0.83785 0.83507
0.78932 0.08609 0.24266
0.26608 0.66526 0.96248
0.78174 0.58698 0.64673
0.33837 0.54810 0.13828
0.68158 0.96940 0.87820
0.45250 0.15434 0.93902
0.15217 -1.19650 0.97949
0.97149 0.13262 0.30415
0.68578 0.80865 0.08759
0.86018 0.07638 0.10225
0.57220 0.52072 0.85250
0.04344 0.84614 0.08014
0.27819 0.60620 0.98054
0.66963 0.78353 0.03948
-0.40955 3.83344 0.55023
0.07496 0.27579 0.00412
0.11056 0.31945 0.75570
0.60484 0.34574 0.74154
0.91884 0.19456 0.87672
0.27225 0.94044 0.20565
0.82154 0.04719 0.32256
0.40339 0.84749 0.18642
0.48277 0.80278 0.67654
0.25630 0.76820 0.34128
0.01338 0.96866 0.39229
0.17830 0.02733 0.37677
0.15224 0.95123 0.83875
0.50338 0.88188 0.08306
0.47398 0.11739 0.51231
0.70602 0.41315 0.03638
0.03538 0.58463 0.50331
0.46161 0.19961 0.36665
0.54464 0.80800 0.94865
0.48368 0.03918 0.99552
0.77146 0.81776 0.37719
0.09673 0.79526 0.34055
0.80362 0.25259 0.77332
0.03187 0.57556 0.76717
0.25134 0.18267 0.06949
0.48414 0.73353 0.14172
0.06285 0.07805 0.13198
0.72636 0.06053 0.04943
0.51199 0.00171 0.62660
0.58072 0.86797 0.06756
0.15427 0.36119 0.09646
0.41512 0.35405 0.03513
0.45629 0.86251 0.84179
0.11051 0.81671 0.74789
0.39157 0.83845 0.41036
0.70805 0.18211 0.78932
0.36979 0.34751 0.40799
0.88498 0.70742 0.84969
0.58115 0.58138 0.46837
0.87777 0.01544 0.37939
0.73345 0.75872 0.01244
0.73646 0.54046 0.79512
0.49407 1.21823 0.43728
0.07561 0.23041 0.40178
0.46807 0.13094 0.99113
0.86742 0.07890 0.81924
0.42099 0.65960 0.11128
0.37345 0.90701 0.78474
0.06379 0.73139 0.89274
0.28430 0.31675 0.55200
0.70306 0.67592 0.37193
0.41728 0.34994 0.21344
0.07593 0.17800 0.23259
0.46284 0.48306 0.47628
0.41945 0.08702 0.99520
0.16286 0.39744 0.21393
0.65090 0.40614 0.27788
0.68861 0.16770 0.80970
0.86173 0.64106 0.11149
0.91388 0.72902 0.49552
0.45913 0.96410 0.11451
0.55858 0.33254 0.91059
0.13326 0.90782 0.09663
0.36969 0.74312 0.51963
0.12044 0.60481 0.74675
0.18817 0.08528 0.62414
0.98099 0.86866 0.22292
0.78556 0.04152 0.26778
0.14554 0.10276 0.11183
0.27423 0.62949 0.73740
0.16056 0.15269 0.05555
0.45925 0.92151 0.33446
0.73614 0.45011 0.79443
0.01886 0.72160 0.66713
0.83652 0.72085 0.49168
0.77700 0.80873 0.84297
0.76485 0.72110 0.74705
0.91821 0.25547 0.70652
0.69846 0.18894 0.00679
0.85216 0.63595 0.04066
0.87224 0.82196 0.62399
0.63089 0.26112 0.31871
0.24282 0.23903 0.15227
0.11172 -0.18242 0.98226
0.97943 -0.08164 0.98191
0.61404 0.94044 0.00075
0.31635 0.08795 0.32965
0.38878 0.29109 0.18323
0.68352 0.45650 0.21145
0.09873 0.89766 0.31031
0.15858 0.68207 0.41883
0.33660 0.62360 0.82937
0.38522 0.69451 0.93424
0.78094 0.69277 0.84010
0.49910 0.54190 0.87156
0.97567 0.45780 0.84594
0.16502 0.70584 0.27299
0.73261 0.02853 0.65389
0.85224 0.52938 0.56815
0.96263 0.36638 0.99205
0.87371 0.81093 0.81564
0.75690 0.97489 0.17080
0.84779 0.56521 0.35370
0.47347 0.82151 0.64172
0.38247 0.90105 0.32174
0.88914 0.34698 0.63914
0.95976 0.89113 0.12435
0.65383 0.77133 0.99533
0.59277 1.01934 0.69552
0.39647 0.72434 0.00316
0.65980 0.24709 0.17936
-0.04492 0.37170 0.76510
0.86837 0.51355 0.88603
0.71866 0.25990 0.07500
0.35483 0.71434 0.69655
0.12668 0.55621 0.21710
0.54179 0.39095 0.34360
0.67870 0.20654 0.48116
0.20041 0.79560 0.83044
0.20747 0.71269 0.35023
0.12670 0.06706 0.89720
0.74162 0.93992 0.39570
0.10392 0.16708 0.90696
0.02910 0.54347 0.47084
0.84040 0.60100 0.13059
0.47993 0.72821 0.31150
0.11294 0.72075 0.94444
0.95702 0.28465 0.68282
0.18216 0.73684 0.84274
0.95520 0.56411 0.09637
0.68990 0.37021 0.21305
0.08585 0.33138 0.02938
0.32520 0.77975 0.93379
0.89284 0.10003 0.36685
0.25103 0.92919 0.55069
0.46522 0.27379 0.56701
-0.08371 0.55901 0.09597
0.73956 0.74462 0.91868
-0.73757 0.61172 0.61625
0.81195 0.18068 0.19415
0.56300 0.30636 0.29280
0.55030 0.63331 0.88113
0.96246 0.26913 0.37512
0.23628 0.98739 0.55772
0.78424 0.21096 0.56191
0.05467 0.47720 0.33874
0.50471 0.56652 0.79605
0.29998 0.83551 0.86565
0.03010 0.41547 0.32580
0.67500 0.07282 0.56696
0.48947 0.31230 0.75111
0.77252 0.85517 0.78925
0.89253 0.55667 0.94427
0.79645 0.13397 0.78797
0.28972 0.62898 0.46004
0.69847 0.63259 0.14593
0.34832 0.52271 0.88519
0.82805 0.90191 0.09208
0.83450 0.19793 0.05670
0.05170 0.52878 0.59422
0.58575 0.29337 0.05639
0.88052 0.95463 0.99327
0.03941 0.23213 0.10820
0.84109 0.75581 0.30456
0.54950 1.12260 0.40066
0.21748 0.28171 0.73954
0.46493 0.39360 0.58132
0.91418 0.19650 0.51620
0.54226 0.51879 0.77856
0.02799 0.86858 0.47547
0.28897 0.64570 0.49446
0.10092 0.84768 0.23459
0.11378 0.43032 0.75187
0.34369 0.54391 0.78021
0.55906 0.19210 0.99419
0.73337 0.46330 0.35170
0.85499 0.95212 0.70863
0.38345 0.95699 0.94450
0.03860 0.21678 0.06849
0.96373 0.37341 0.75975
0.72693 0.79906 0.18394
0.03750 0.54470 0.06640
0.22705 0.90524 0.56643
0.11472 0.58440 0.67925
0.20474 0.11145 0.58586
0.05180 0.44178 0.18662
0.25435 0.04812 0.21392
0.03500 0.75318 0.61366
0.90033 0.16411 0.52757
0.27367 0.54858 0.93875
0.64217 -0.11477 0.74942
0.44132 0.51643 0.11602
0.26480 0.74569 0.41879
0.35264 0.36586 0.42683
0.69859 0.60232 0.55103
0.72286 0.28240 0.42756
0.66877 0.93347 0.88667
0.46706 0.25858 0.98725
0.10857 0.69965 0.27694
-0.00055 0.04483 0.14866
0.82791 0.48940 0.59887
0.08530 0.94001 0.31530
0.60584 0.47775 0.04624
0.96157 0.76490 0.59165
0.30805 0.45664 0.90737
0.62249 0.27780 0.15177
0.21408 0.22950 0.79127
0.57531 0.01601 0.50789
0.30958 0.70043 0.00924
0.98110 0.43600 0.79956
0.64767 0.15227 0.98908
0.71540 0.26414 0.45615
0.90639 0.43866 0.38606
0.40869 0.30847 0.10489
0.31147 0.16464 0.76225
0.67777 0.34400 0.49284
0.05775 0.38512 0.41482
0.60131 0.80452 0.54228
0.26620 0.89463 0.47910
0.51443 0.28671 0.74820
0.47114 0.25775 0.17761
0.34500 0.46430 0.33744
1.14483 0.82117 0.30827
0.68781 0.46220 0.54033
0.48979 0.02410 0.96354
0.96486 0.92476 0.49660
0.60654 0.80582 0.80643
0.07879 0.85304 0.56554
0.27454 0.30608 0.40442
0.77412 0.27791 0.70110
0.95079 0.46968 0.01515
0.37956 0.85587 0.96324
0.50424 0.68984 0.47233
0.73086 0.28426 0.95870
1.07087 0.61706 0.78090
0.86074 0.36896 0.89305
0.68338 0.40373 0.86782
0.35254 0.09317 0.55215
0.62970 0.62913 0.04033
0.68236 0.77487 0.48088
0.43764 0.51317 0.28585
0.11986 0.39530 0.15431
0.73605 0.76857 0.14136
0.56231 0.74880 0.55629
0.86376 0.51683 0.90703
0.15069 0.29951 0.27314
0.65433 0.14987 0.53287
0.09149 0.27727 0.60793
-0.16121 3.50835 0.34633
0.46517 0.74131 0.04266
0.17950 0.20247 0.08428
-9.96541 -0.02365 0.29674
0.69935 0.05497 0.17744
-0.49604 0.32923 0.21905
0.58283 0.40022 0.47859
0.02950 0.08832 0.39016
0.34841 0.84187 0.29592
0.35531 0.28634 0.68474
0.18161 0.19779 0.19536
0.44881 0.64211 0.82874
0.19758 0.07397 0.87770
0.56051 0.68466 0.19470
0.41516 0.21638 0.48132
0.47526 0.76527 0.15057
0.01643 0.46753 0.16607
0.42822 0.51895 0.40433
0.20576 0.87420 0.79778
0.83802 0.41091 0.54001
0.91690 0.52722 0.82428
0.04182 0.20277 0.76101
0.53627 0.75495 0.98864
0.82340 0.32810 0.06990
0.07344 0.33850 0.78884
0.12365 0.50379 0.05042
0.93855 0.39957 0.67316
0.27429 0.75157 0.68165
0.05351 0.79401 0.38634
0.80171 0.86741 0.36569
0.02024 0.93301 0.96736
0.27172 0.29304 0.68983
0.92445 0.74009 0.70558
0.97192 0.57269 0.88818
0.16586 0.06176 0.20390
0.30462 0.90678 0.52750
0.79602 0.69418 0.01478
0.43637 0.74496 0.04501
0.65202 0.43145 0.89936
0.19698 0.45989 0.77733
0.64180 0.25295 0.83923
0.37961 0.51426 0.97422
0.75754 0.13400 0.08990
0.64047 0.14039 0.77192
0.21111 0.92060 0.29508
0.92309 0.78885 0.45034
0.16179 0.91587 0.96710
0.86088 0.83070 0.81573
0.24906 0.91120 0.05216
0.04275 0.88493 0.31672
0.31467 0.02503 0.64607
0.28730 0.70274 0.18783
0.84321 0.35151 0.29460
0.42720 0.40388 0.45647
0.24403 0.77945 0.90272
0.21844 0.11408 0.92363
0.45053 0.20393 0.01382
0.32182 0.59826 0.48481
0.47371 0.85379 0.36842
0.02992 0.53517 0.96643
0.53753 0.57218 0.28930
0.71451 0.19196 0.89450
0.22400 0.44271 0.82922
0.49719 0.80171 0.92843
0.49609 0.30649 0.44657
0.29086 0.33723 0.73221
0.62207 0.18052 0.82126
-0.28729 1.67042 0.56306
0.28811 0.42233 0.63044
0.02198 0.02416 0.54799
0.25834 0.85772 0.85418
0.91254 0.03538 0.72609
0.01426 0.59087 0.61535
0.35427 0.49633 0.61409
0.68898 0.64867 0.61596
0.98166 0.78326 0.93739
0.95099 0.86802 0.69479
0.80178 1.01974 0.08831
0.04572 0.29162 0.01619
0.49242 0.30171 0.15664
0.17872 0.56008 0.94718
0.04721 0.90239 0.07973
0.82585 0.53985 0.18622
0.26555 0.67784 0.64060
0.25871 0.45556 0.64734
0.93880 0.79638 0.70115
0.29913 0.01681 0.54538
0.04967 0.41091 0.30069
0.40973 0.09813 0.47917
0.24739 0.61803 0.23427
0.52545 0.31454 0.41102
0.38020 0.44516 0.10975
0.75731 0.78353 0.11127
0.38269 0.30074 0.36153
0.52412 0.26597 0.53310
0.10607 0.88098 0.93873
0.42558 0.50919 0.95915
0.35830 0.24303 0.03503
0.06097 0.82125 0.03361
0.26551 0.61391 0.98055
0.18567 0.59256 0.04555
0.68867 0.84570 0.22513
-0.08153 0.90712 0.29651
0.65510 0.94097 0.50459
0.95107 0.05852 0.62796
0.44952 0.41212 0.64731
0.45353 0.75726 0.65145
0.30733 0.36685 0.94882
0.53154 0.01417 0.32272
0.08042 0.45292 0.51970
0.32005 0.72617 0.24110
0.24434 0.39007 0.65724
0.81700 0.26352 0.52285
0.41973 0.73027 0.72105
0.64535 0.21127 0.59802
0.02566 0.08415 0.74222
0.67877 0.90860 0.43182
0.42601 0.83240 0.05394
0.77348 0.18458 0.51786
0.65429 0.39393 0.35571
0.26173 0.56978 0.64707
0.93939 0.72402 0.03563
0.93482 0.86971 0.10791
0.14609 0.23314 0.95119
0.91839 0.60752 0.50217
0.08371 0.75247 0.89169
0.81044 0.28309 0.57359
0.94919 0.03698 0.42470
0.62182 0.43580 0.61783
0.30848 0.38638 0.18351
0.08853 0.39937 0.64883
0.50135 0.56560 0.47143
0.73987 0.82296 0.43407
0.04930 0.72884 0.72166
0.08172 0.87399 0.64550
0.13359 0.81845 0.01594
-0.60968 1.19672 0.15873
0.92124 0.36067 0.14819
0.18757 0.28636 0.90330
0.35886 0.48391 0.53186
0.54572 2.92649 0.51091
0.88177 0.12740 0.09217
-1.03596 -0.74376 0.01134
0.42567 0.43494 0.54566
0.40459 0.01661 0.05990
0.45252 0.18764 0.05455
0.96041 0.85680 0.69530
0.10967 0.03485 0.73125
0.25295 0.66694 0.82182
0.91223 0.18578 0.01971
0.51281 0.90773 0.38611
