0.04981 0.14840 0.70927
0.27193 0.87518 0.13581
0.67374 0.60418 0.99480
0.89786 0.16463 0.13771
0.53729 0.51492 0.65183
0.65456 0.67242 0.06739
0.79153 0.09407 0.33474
0.10609 0.56520 0.01372
0.17476 0.16322 0.81111
0.86944 0.26560 0.25092
0.11923 0.21640 0.63348
0.59551 -0.01039 0.31549
0.53652 0.61194 0.21622
0.10593 0.67966 0.01730
-4.31810 0.80705 0.06882
0.79758 0.78272 0.50260
0.11567 0.66962 0.50966
0.84180 0.92724 0.87759
0.19306 0.06694 0.72386
0.51189 0.61082 0.30589
0.62746 0.10017 0.44439
0.28200 0.76759 0.40186
0.29388 0.70920 0.34250
0.61271 0.06778 0.30593
0.69291 0.51432 0.32331
0.37386 0.77037 0.36187
0.92322 0.06022 0.33400
0.36090 0.10213 0.43065
0.59805 0.11105 0.01725
0.75572 0.57934 0.99773
0.46079 0.31797 0.36333
0.38615 0.98762 0.25046
0.96689 0.03439 0.38376
0.45954 0.58869 0.93021
0.06803 0.61170 0.32789
0.47022 0.93474 0.33115
0.93149 0.93441 0.03680
0.15735 0.78029 0.34207
0.93687 0.46865 0.75349
0.76297 0.93484 0.91890
0.37835 0.36021 0.45545
0.93942 0.78680 0.15511
0.22593 -0.24275 0.07699
0.28597 0.11329 0.79846
0.45731 0.88633 0.69729
0.78726 0.79188 0.43996
0.19404 0.88600 0.41014
0.97789 0.78659 0.51357
0.61458 0.82445 0.26458
0.34634 0.76834 0.73328
0.14296 0.38976 0.47208
0.68666 0.94611 0.56361
0.84229 0.36525 0.25289
0.36583 0.26693 0.45128
0.76754 0.64190 0.42663
0.80751 0.19728 0.67484
0.21045 0.73728 0.71774
0.85133 0.07097 0.93488
0.62230 0.64109 0.62136
0.65448 0.62674 0.18695
0.46739 0.96359 0.41946
-21.23982 4.82953 0.05659
0.74882 0.55539 0.18769
0.10425 0.61227 0.54329
0.11391 0.05833 0.85953
-3.55770 -1.17393 0.33360
0.31338 0.24111 0.13840
1.04259 1.02318 0.70041
0.41283 0.26312 0.81981
-0.01585 0.49439 0.64849
0.36603 0.31812 0.44098
0.64738 0.84013 0.35446
0.32286 0.45985 0.59889
0.70000 0.52266 0.14082
0.56396 0.87368 0.43936
81.51446 207.99805 0.21208
0.34362 0.32966 0.16730
0.85596 0.15082 0.94432
0.02426 0.62813 0.16570
0.70763 0.55569 0.44989
0.66914 0.20080 0.03085
0.26850 0.93158 0.76367
0.33742 0.19150 0.53153
0.38120 0.02435 0.36383
0.68178 0.48289 0.73356
0.53866 0.09142 0.15968
0.10072 0.74299 0.81733
0.47308 0.29365 0.90577
0.61996 0.74266 0.01570
-0.91034 0.08826 0.64287
0.80457 0.47941 0.94133
0.76811 0.15478 0.96883
0.63078 0.34580 0.04190
0.49418 0.15685 0.72356
0.95669 0.71334 0.45976
0.10305 0.03365 0.42672
0.17313 0.57923 0.26685
0.27146 0.78524 0.97875
0.05030 0.79046 0.88615
0.38297 0.49236 0.65640
0.15744 0.62225 0.24034
0.28284 0.53916 0.04590
0.50897 0.76943 0.93370
0.46598 0.16131 0.70331
0.49416 0.08378 0.24938
0.08344 0.65453 0.35806
0.11815 0.62956 0.34954
0.53647 0.15312 0.58577
0.82786 0.78697 0.51281
0.82836 0.55129 0.06792
0.53927 0.95443 0.60720
0.00496 0.62351 0.01159
0.52929 0.83483 0.34200
0.66333 0.88670 0.43543
0.50031 0.54336 0.97499
0.70582 0.80927 0.70403
0.29025 0.54192 0.47236
0.40593 0.11960 0.96451
0.76101 0.63267 0.86461
0.69056 0.63796 0.41096
0.42246 0.26032 0.98571
-0.75754 -0.08686 0.08748
0.71922 0.25099 0.97894
0.56186 0.65234 0.59656
0.76150 0.48233 0.96576
0.17461 0.93439 0.09258
0.92931 0.31544 0.54404
0.59878 0.35523 0.56273
0.49240 0.20797 0.06695
0.80375 0.88429 0.28958
0.10558 1.73336 0.51293
0.43927 0.25634 0.23583
0.75519 0.31902 0.41378
-19.84605 -1.64467 0.29430
0.96936 0.10148 0.47574
0.80846 -0.88295 0.93107
0.62245 0.37567 0.58797
0.95031 0.97599 0.31751
0.39326 0.93190 0.07278
0.94273 0.64540 0.11816
0.53903 0.35272 0.49488
0.31869 0.63456 0.18879
0.32282 0.17451 0.20325
0.17693 0.79283 0.27734
0.47405 0.55718 0.85598
0.19088 0.06311 0.03835
0.36020 0.89022 0.67984
0.64342 0.41053 0.61241
0.66916 0.45680 0.34715
0.29117 0.05519 0.03029
0.35052 0.85539 0.09339
0.81163 0.70380 0.53679
0.43264 0.57047 0.60066
0.46641 0.25067 0.55356
0.69886 0.37104 0.57312
0.18067 0.55678 0.07338
0.36613 0.42396 0.19028
0.52461 0.91972 0.59928
0.80668 0.05213 0.34236
0.15769 0.18233 0.31508
0.08734 0.39470 0.64941
0.90004 0.48062 0.39116
0.52464 0.88856 0.21937
0.09906 0.74341 0.42681
0.50037 0.89114 0.90241
0.38019 0.02804 0.11583
0.11889 0.03268 0.28641
0.38004 0.38349 0.50649
0.83412 0.03022 0.71497
0.25976 0.27538 0.88508
0.50902 0.70612 0.26216
0.82430 0.78844 0.10988
0.82808 0.26518 0.93709
0.50547 0.82085 0.93131
0.12681 0.50709 0.04472
0.52113 0.22071 0.93645
0.46837 0.78029 0.91796
0.82957 0.37408 0.87437
0.87111 0.63462 0.29801
0.05297 0.86419 0.65997
0.55812 0.18287 0.68291
0.90729 0.25657 0.05328
0.06084 0.90510 0.15574
0.72101 0.37465 0.51721
0.15784 0.64252 0.78738
0.41778 0.75809 0.53296
0.29057 0.86337 0.16713
0.71564 0.58907 0.51687
0.63368 0.51015 0.52232
0.96632 0.58794 0.84253
0.94069 0.21783 0.78835
0.60359 0.11499 0.45428
0.31681 0.03823 0.04866
0.08396 0.12666 0.97608
0.23622 0.80145 0.09906
0.66394 0.69773 0.92196
0.04568 0.20264 0.33206
0.80019 0.77099 0.31561
0.81639 0.45366 0.82822
0.04906 0.73305 0.27392
0.45853 0.68337 0.25702
0.83020 0.35163 0.96587
34.35672 44.31446 0.21719
0.76252 0.21433 0.31858
0.43488 0.15589 0.04789
0.89034 0.68591 0.51888
0.71722 0.08864 0.01289
0.99263 0.06681 0.40802
0.31940 0.63320 0.97100
0.27938 0.57431 0.38658
0.48514 0.74249 0.16551
0.40485 0.53040 0.72773
0.12375 0.66740 0.28411
0.47742 0.39641 0.83301
0.35981 0.66573 0.76216
0.41194 0.76906 0.63911
0.69447 0.40011 0.97925
0.42373 0.45685 0.33554
0.86837 0.20308 0.48282
0.28291 0.32791 0.91444
0.91330 0.86792 0.50733
0.48766 0.58638 0.20796
0.39866 0.08275 0.53983
0.11282 0.86313 0.86787
0.07788 0.88014 0.80447
0.73415 0.53214 0.49917
0.21072 0.59083 0.12029
0.60652 0.86250 0.67283
0.95427 0.41722 0.58421
0.42092 0.59518 0.32584
0.99423 0.82058 0.37843
0.94631 0.14645 0.30072
0.97296 0.93024 0.54555
0.47252 0.30330 0.98719
1.25312 0.29185 0.48996
46.88934 45.47079 0.61419
0.41005 0.64005 0.29130
0.13452 0.56095 0.69888
0.46869 0.16837 0.60046
0.63544 0.08749 0.80374
0.32006 0.48464 0.78754
0.13281 0.09237 0.53596
0.43454 0.22771 0.70222
0.88458 0.18878 0.88149
0.57509 0.38526 0.98361
0.60021 0.83672 0.79059
0.48663 0.16058 0.38698
0.05977 0.82497 0.15022
0.47779 0.18608 0.84636
0.43801 0.80934 0.90405
0.63723 0.58667 0.17242
0.85192 0.53591 0.24870
0.82095 0.21622 0.86193
0.44364 0.48243 0.27363
0.34785 0.53332 0.50183
0.72033 0.58728 0.48620
0.42547 0.13643 0.35118
0.67744 0.32030 0.08130
0.49068 0.49498 0.10927
0.57199 0.50127 0.77790
0.49927 1.32207 0.58616
0.47808 0.41627 0.80233
0.27177 0.27394 0.04342
0.76141 0.93831 0.87476
0.71674 0.42401 0.85632
0.24061 0.42879 0.13670
0.72326 0.28587 0.59937
0.13935 0.87456 0.34108
0.46165 0.89680 0.85345
0.78548 0.12956 0.02310
0.02560 0.59583 0.23172
0.55719 0.86817 0.86829
0.25843 0.96567 0.94117
0.28258 0.25128 0.76593
0.13191 0.08209 0.75012
0.16919 0.43587 0.29396
0.61973 0.13789 0.79222
-0.30332 1.88832 0.52591
0.95694 0.43232 0.70836
0.27308 0.59185 0.17817
0.64652 0.86823 0.90789
0.82197 0.43449 0.97311
0.87220 0.66597 0.03523
0.45935 0.10358 0.35815
2.43498 2.22240 0.08015
0.05995 0.59176 0.14931
0.38159 0.65764 0.13673
0.82987 0.06640 0.02072
-0.99191 0.67128 0.72411
0.29089 0.26750 0.05171
0.28326 0.58556 0.40991
0.97177 0.74219 0.83953
0.77438 0.68106 0.94763
0.12628 0.91665 0.89085
0.10883 0.17994 0.06270
0.80459 0.94324 0.37632
0.47268 0.94137 0.09084
0.94099 0.57990 0.42440
0.10737 0.13177 0.88834
0.15417 0.91949 0.95624
0.65103 0.22310 0.05186
0.12495 0.51606 0.18021
0.92963 0.88866 0.76321
0.91916 0.06539 0.08955
0.88365 0.45236 0.51795
0.16792 0.75713 0.02704
0.30877 0.29608 0.06000
0.46904 0.42059 0.46930
0.66380 0.38951 0.23814
0.48236 0.13581 0.65127
0.58633 0.76165 0.05115
0.14376 0.85043 0.80593
0.26607 1.03957 0.29928
0.39602 0.85826 0.14983
0.33783 0.80469 0.31749
0.69465 0.77458 0.67285
0.92076 0.04574 0.53640
0.54361 0.38953 0.51003
0.64825 0.55593 0.68297
0.69833 0.53247 0.26949
0.43704 0.95657 0.70195
0.08287 0.90442 0.11214
0.89334 0.48481 0.86768
0.90597 0.16226 0.70082
0.23628 0.21899 0.03939
0.64967 0.12418 0.73337
0.28860 0.17399 0.77753
0.04404 0.71735 0.23390
0.88313 0.01494 0.80278
0.80676 0.29197 0.72092
0.37992 0.07412 0.93765
0.09760 0.93456 0.68329
0.91122 0.68147 0.13170
0.40489 0.94404 0.39518
0.89394 0.60874 0.68560
0.57566 0.65344 0.61663
0.14602 0.14983 0.62196
0.44883 0.33928 0.19260
0.87283 0.19497 0.74244
0.75691 0.61439 0.45771
0.08849 0.78637 0.25291
0.45967 0.39939 0.81686
0.61480 0.51692 0.55528
0.11182 0.44332 0.16585
0.63406 0.37625 0.24957
0.99303 0.38920 0.43011
0.82377 0.64209 0.44470
0.22587 0.36903 0.51225
0.62700 0.79206 0.80199
0.71307 0.32572 0.69665
0.92851 0.87049 0.58070
0.83144 0.17780 0.97283
0.31119 0.75715 0.63759
0.83460 0.84211 0.79864
0.30172 0.59805 0.95202
0.70048 0.32072 0.42458
0.14606 0.28359 0.37943
0.33715 0.22411 0.49980
0.94335 0.57343 0.01864
0.05064 0.71189 0.20814
0.33655 0.10680 0.06648
0.15327 0.33665 0.10180
0.94339 0.76165 0.08541
0.67334 0.59446 0.02064
0.50812 0.08683 0.87366
0.30525 0.52700 0.17975
0.86930 0.17959 0.84387
0.42995 0.82822 0.52650
0.48779 0.24906 0.94059
0.06431 0.69257 0.90346
0.13685 0.28067 0.81188
0.29964 0.71482 0.57696
0.58985 0.97348 0.89197
0.35456 0.86732 0.37044
0.43429 0.22848 0.01678
0.61366 0.62104 0.21340
0.90770 0.27867 0.16097
0.26403 0.32821 0.62615
1.01770 0.76726 0.81481
0.55616 0.31455 0.75586
0.08726 0.76881 0.84366
0.44860 0.31547 0.95677
0.04789 0.96649 0.00726
0.22332 0.68617 0.66728
0.28049 0.89027 0.89294
0.04907 0.57770 0.52879
0.32335 0.93213 0.21940
0.51065 0.93766 0.88311
0.82783 0.88044 0.98359
0.04630 0.84677 0.15657
0.89291 0.69234 0.15812
0.47385 0.13539 0.70752
0.73758 0.55030 0.24911
0.93448 0.35700 0.01160
0.02116 0.12107 0.21503
0.69124 0.37128 0.03038
0.64483 0.24804 0.89810
0.42537 0.42006 0.66644
0.61990 0.11361 0.41467
0.47596 1.02012 0.49680
0.93798 0.57845 0.25390
0.41173 0.42352 0.46308
0.55301 0.95633 0.18089
0.90913 0.97381 0.71846
0.57349 0.24534 0.85224
0.76286 0.61183 0.54040
0.47081 0.99721 0.98650
0.45828 0.18012 0.44184
0.91219 0.76178 0.29128
0.43724 0.42495 0.34825
0.30428 0.60326 0.19144
0.14641 0.72349 0.48136
0.74994 0.99176 0.16575
0.03448 0.12789 0.74684
0.49012 0.55267 0.78749
0.68079 0.44622 0.69445
0.70664 0.76991 0.66204
0.29459 0.39562 0.49612
0.96406 0.20288 0.88064
1.07773 1.12557 0.41517
0.65623 0.71670 0.02833
0.42444 0.90748 0.60209
0.46740 0.92385 0.20345
0.72888 0.69382 0.14980
0.84676 0.68175 0.57268
0.95292 0.71436 0.97874
0.95263 0.90273 0.44266
0.61839 0.65521 0.45141
0.20372 0.28275 0.68347
1.19736 0.66806 0.22727
0.78010 0.49142 0.87650
0.74541 0.66797 0.57806
0.43442 0.67493 0.29712
20.68566 2.91143 0.61344
0.16466 0.66430 0.89004
0.07748 0.86253 0.19400
0.69586 0.33301 0.58085
0.23215 0.05012 0.73762
0.69609 0.50753 0.87288
0.61720 0.34571 0.06464
0.28960 0.21010 0.99450
0.49031 0.91868 0.78364
0.81201 0.53992 0.71555
0.19641 0.71673 0.51127
0.29125 -0.17027 0.92281
0.07543 0.84612 0.37985
0.60632 0.15231 0.84005
0.18656 0.92209 0.75387
0.28412 0.11818 0.36387
0.33687 0.68858 0.45253
0.04284 0.05517 0.29725
0.56416 0.73524 0.47326
0.53615 0.67342 0.27614
0.75636 0.04478 0.18839
0.72634 0.13556 0.52603
0.95394 0.30542 0.09838
0.78082 0.32966 0.86184
1.03886 0.39008 0.72774
0.71445 0.13320 0.64270
0.82915 0.82302 0.91634
0.51212 0.83648 0.41023
0.13045 0.59937 0.73352
0.60572 0.13425 0.56816
0.48438 0.52326 0.02573
0.82989 0.81494 0.50659
0.73331 0.17785 0.45165
0.41204 0.79386 0.12351
0.09400 0.16839 0.17846
0.35319 0.87223 0.81157
0.05681 0.61569 0.94042
0.11575 0.51884 0.74202
0.08488 0.09001 0.55844
0.35644 0.48857 0.96681
0.82003 0.43797 0.02691
0.84744 0.16833 0.90434
0.46087 0.21461 0.78817
0.71948 0.16436 0.33675
0.04875 0.61921 0.05522
0.49561 0.91973 0.94901
0.86103 0.18667 0.57333
0.12566 0.71493 0.61588
0.03105 0.08374 0.25573
0.37926 0.09848 0.66723
0.71504 0.33991 0.11580
0.62525 0.40886 0.92089
0.38090 0.08830 0.14778
0.71507 0.06066 0.96529
0.56423 0.31684 0.54877
0.67879 0.60500 0.81186
0.37642 0.96488 0.50888
0.92754 0.44782 0.21372
0.61368 0.74829 0.16831
0.32265 0.72991 0.72632
0.20325 0.29473 0.72400
0.19881 0.42392 0.09128
0.11596 0.44148 0.13901
0.14379 0.80515 0.00423
-20.45648 20.60033 0.11959
0.77129 0.05221 0.23760
0.22472 0.23932 0.30289
0.84593 0.11086 0.00486
0.31147 0.54450 0.91600
0.61332 0.97579 0.09388
0.46360 0.58860 0.07819
0.48846 0.09230 0.13397
0.66406 0.83511 0.46207
0.37016 0.69293 0.58726
0.71496 0.24500 0.81211
0.53295 0.19820 0.03971
0.73434 0.85590 0.65162
0.47615 0.92590 0.08055
-0.12462 2.08069 0.97522
0.67057 0.89316 0.38882
0.83537 0.52832 0.57491
0.56741 0.30374 0.78431
-0.01583 0.50061 0.81224
0.82096 0.53699 0.45773
0.91777 0.30594 0.01091
0.81126 0.92612 0.51824
0.81481 0.03621 0.39004
0.63913 0.05606 0.29958
0.16099 0.86283 0.83385
0.81106 -0.29729 0.15787
0.69467 0.21613 0.97838
0.24206 0.05599 0.43996
0.07111 0.81957 0.67491
0.57014 0.35920 0.15485
1.06850 0.35373 0.63232
0.83899 0.84247 0.74227
0.33220 0.01817 0.13245
0.26272 0.35144 0.13261
0.21772 0.86371 0.56792
-0.08681 0.81508 0.09287
0.29648 0.65803 0.66628
0.95797 0.91218 0.48810
0.93724 0.28313 0.20960
0.51283 0.92464 0.36035
0.65764 0.37810 0.13805
0.78927 0.19495 0.43216
0.57924 0.40632 0.84713
0.79952 0.46085 0.17950
0.55937 0.33116 0.73956
0.32746 0.56182 0.27039
0.05661 0.58307 0.21449
-0.18052 0.78761 0.09723
0.16610 0.90365 0.02574
0.51447 0.94931 0.25494
0.27361 0.44256 0.30054
0.42201 0.20955 0.63242
0.70321 0.30559 0.55130
0.96306 0.91186 0.98887
0.76823 0.72542 0.49751
0.13239 0.15725 0.77625
-0.04855 -0.44932 0.00795
0.59152 0.39260 0.20900
0.62208 0.03689 0.65987
0.58697 0.52892 0.07296
0.83219 0.67012 0.37586
0.13030 0.74359 0.66489
1.02127 0.38922 0.71988
0.33746 0.66315 0.19283
0.13029 0.64974 0.69509
0.88048 0.29923 0.69106
0.00659 0.61404 0.17105
0.68835 0.19896 0.51902
0.60070 0.69491 0.48516
0.89141 0.10645 0.17043
0.03984 0.26362 0.90286
0.84297 1.56174 0.80807
0.39242 0.03178 0.48345
0.62670 0.81937 0.78283
0.03796 0.61356 0.83342
1.04087 -0.32149 0.61164
0.39897 0.75305 0.30016
0.16094 0.81371 0.11773
0.56824 0.02849 0.48484
0.60664 0.54177 0.94885
0.93012 0.54815 0.57141
0.73699 0.71436 0.01391
0.32187 -0.01304 0.54263
0.38129 0.23051 0.98331
0.54509 0.48973 0.62025
0.10022 0.58883 0.01473
0.04917 0.15878 0.35626
0.06954 0.42412 0.56221
0.58224 0.77369 0.97448
0.74796 0.36122 0.11547
0.76051 0.69378 0.60976
0.57919 0.44084 0.07827
0.39149 0.49309 0.82340
0.39136 0.29591 0.08986
0.48467 0.70229 0.97535
0.31315 0.14936 0.44232
0.13869 0.38772 0.24436
0.59330 0.18094 0.13645
0.54510 0.31005 0.47710
0.17961 0.80815 0.92141
0.28317 0.67385 0.46474
4.46161 3.28540 0.95682
0.77339 0.09243 0.20224
0.43708 0.90347 0.99772
0.78470 0.03439 0.99371
0.47281 0.74651 0.51470
0.23556 0.05946 0.48858
0.16677 0.60853 0.46654
0.35702 0.23835 0.88784
0.03932 0.37957 0.39774
0.31534 0.07431 0.19122
0.31189 0.48037 0.73220
0.13496 0.66384 0.63092
0.25032 0.87630 0.61326
0.79353 0.05762 0.65472
0.73590 0.07497 0.70708
0.68588 0.52423 0.62289
0.52008 0.77602 0.16647
0.51089 0.74563 0.32044
0.83070 0.60221 0.03870
0.04150 0.98297 0.84578
0.73091 0.80345 0.75788
0.54709 0.66818 0.28895
0.83148 0.87644 0.20945
0.44219 0.62936 0.80858
0.79103 0.41584 0.14962
0.50958 0.72566 0.10779
0.14737 0.77695 0.39274
0.77633 0.30925 0.61088
0.81956 0.71499 0.48939
0.41061 0.50052 0.71280
0.48102 0.87439 0.58198
0.99319 0.10657 0.16268
0.64602 0.90113 0.83014
0.60037 0.87714 0.62435
0.18476 0.16075 0.35892
0.19714 0.34392 0.64135
0.69255 0.25536 0.47663
0.46384 0.60388 0.49191
0.84106 0.72232 0.84118
0.80115 0.09318 0.16002
0.52723 0.38069 0.27573
0.84956 0.05253 0.98992
0.32139 0.66895 0.86419
0.46211 0.53872 0.89636
0.96094 0.15569 0.18350
0.86135 0.54726 0.03485
0.46492 0.08008 0.24388
0.26451 0.11390 0.28352
0.57923 0.41214 0.39703
0.90841 0.56211 0.98292
0.70010 0.50272 0.48997
0.16526 -0.25275 0.82388
0.71455 0.87179 0.71600
0.29515 0.58379 0.06763
0.77807 0.08356 0.15867
0.03132 0.45450 0.89390
0.48963 0.13576 0.91086
0.20706 0.25083 0.43169
0.06520 0.95545 0.85353
0.89924 0.86421 0.23479
0.75482 0.88512 0.99417
0.35884 0.47134 0.56530
0.86228 0.91709 0.67206
0.25390 0.92093 0.86253
0.28502 0.19887 0.46522
0.43969 0.06928 0.76648
0.65012 0.70064 0.76167
0.77942 0.06324 0.94781
0.73838 0.06617 0.13555
0.28668 0.64793 0.04668
0.11486 0.50842 0.19953
0.72775 0.76443 0.44076
0.02718 0.23042 0.56353
0.11882 0.94859 0.64750
0.48826 0.44401 0.10891
0.17446 0.72399 0.82423
0.18062 0.34365 0.62697
0.43100 0.68178 0.47559
0.31181 0.54003 0.35038
-17.66795 -6.53468 0.06489
0.24282 0.54368 0.63389
0.54031 0.06652 0.03349
0.79303 0.30488 0.67136
0.38648 0.69996 0.61789
0.19432 0.76668 0.97772
0.66880 0.21486 0.07266
0.38233 0.69234 0.27339
0.01750 0.22771 0.62116
0.86611 0.94639 0.72267
0.94695 0.40945 0.06142
0.86197 0.05976 0.01036
0.04391 0.40837 0.88319
0.30354 0.35820 0.96029
0.19216 0.36276 0.64863
0.05899 0.14203 0.96975
0.58869 0.56867 0.15620
0.74027 0.65715 0.06931
0.41834 0.67783 0.31925
0.42675 0.59750 0.11442
0.24930 0.21592 0.67063
0.79554 0.08948 0.30313
0.53541 0.26264 0.74419
0.60610 0.35881 0.28851
0.52520 0.15771 0.67760
0.61798 0.69374 0.86350
0.14828 0.40692 0.57957
0.36198 0.60549 0.66350
0.14987 0.71222 0.61170
0.29220 0.73699 0.03555
0.20347 0.92289 0.82047
0.99695 0.25091 0.46726
0.16095 0.50907 0.23319
0.45234 0.31366 0.57986
0.61867 0.12713 0.64867
0.77685 0.21845 0.85002
0.42101 0.14580 0.40476
0.13031 0.61662 0.17292
0.10734 0.21376 0.20345
0.85146 0.15751 0.08116
0.49928 0.41275 0.43642
0.32404 0.91564 0.73239
-0.69844 1.21247 0.69020
0.86327 0.41733 0.61927
0.85446 0.05677 0.40173
2.10450 0.99736 0.99209
0.03254 0.91829 0.91973
0.29589 -0.45831 0.22178
0.68338 0.39074 0.11766
0.41516 0.21827 0.84780
0.09958 0.05350 0.98332
0.93744 0.08654 0.57637
0.26089 0.10561 0.01328
0.03252 0.10060 0.70535
-0.48225 -0.14550 0.56952
0.21304 0.70752 0.68802
0.31507 0.66507 0.24292
0.80187 0.84361 0.06098
-1.08384 -0.47614 0.83622
0.94305 0.62671 0.90956
0.51781 0.71108 0.41992
0.90543 0.96319 0.95684
0.70425 0.36233 0.63127
0.85818 0.71249 0.18822
-1.50848 0.50235 0.24792
0.53080 0.42448 0.54313
0.50054 0.75344 0.90450
0.18528 0.91535 0.94126
0.70570 0.79173 0.25631
0.36004 0.31164 0.71031
0.48705 0.43885 0.61716
0.70401 0.16431 0.86031
0.12631 0.31153 0.58140
0.67676 0.57678 0.43094
0.80451 0.13035 0.80146
0.31644 0.89496 0.80480
0.30551 0.47014 0.94822
0.47947 0.10086 0.96593
0.57010 0.19040 0.58824
0.77503 0.64581 0.40557
0.34456 0.07456 0.85488
0.96105 0.04225 0.99096
0.63643 0.14466 0.17824
0.69521 0.03374 0.51017
0.25512 0.20485 0.31456
0.30944 0.57167 0.09790
0.78744 0.80167 0.81161
0.03834 0.02655 0.92818
0.40180 0.38857 0.38082
0.39622 0.35155 0.86325
0.87829 0.63496 0.78026
0.73041 0.54372 0.10260
0.17744 1.06438 0.12945
0.78718 0.74564 0.02347
0.11303 0.34146 0.41567
0.88073 0.18964 0.96436
0.67911 1.13407 0.85000
0.39777 0.56295 0.25403
0.21151 0.07751 0.52060
0.82346 0.93085 0.94605
0.75135 0.41327 0.66563
0.41562 0.35411 0.60005
0.04614 0.47401 0.77752
0.67824 0.51005 0.60778
0.17404 0.58682 0.47827
0.74942 0.09358 0.86257
0.06246 0.94461 0.61750
0.11652 0.93316 0.54568
0.70802 0.50958 0.72743
-0.76428 -0.98654 0.41168
0.96911 0.04639 0.31789
1.70961 1.70389 0.00948
0.74293 0.08356 0.81840
0.10519 0.21196 0.13702
0.96042 0.05569 0.85699
0.99012 0.99747 0.30381
0.33179 0.37358 0.14161
0.71215 0.55304 0.22618
0.95907 0.27703 0.07697
0.63821 0.79772 0.22873
0.23551 0.39138 0.61936
4.73815 1.42712 0.76054
1.20473 0.38892 0.95363
0.51077 0.15266 0.34541
0.31390 0.37366 0.15618
0.81136 0.57467 0.88950
0.19939 0.18168 0.56958
0.00386 0.56919 0.39681
0.26183 0.51872 0.58138
0.78386 0.29714 0.15598
0.34386 0.57211 0.83259
0.93624 0.68313 0.50389
0.48709 0.11612 0.86296
0.94591 0.86083 0.78883
0.53679 0.65985 0.36814
0.37929 0.93634 0.43472
0.55406 0.56834 0.48667
0.09140 0.77072 0.48690
0.09919 0.08352 0.73617
0.84407 0.09665 0.81944
0.36450 0.90004 0.21722
0.49812 0.61186 0.66773
0.29934 0.45042 0.62846
0.98964 1.12073 0.24647
0.50031 0.48849 0.48413
0.33379 0.67591 0.83450
0.90201 0.20450 0.31112
0.11159 0.62740 0.96986
0.87396 0.12213 0.12183
0.81063 0.94631 0.41462
0.32147 0.93898 0.63770
0.29236 0.83495 0.19833
0.39592 0.87652 0.23532
0.16450 0.85787 0.69331
0.90750 0.75136 0.30766
0.21895 0.03277 0.49007
0.04419 0.41233 0.57852
0.76486 0.19452 0.11801
3.72243 1.89500 0.64654
0.47342 0.43387 0.12039
0.55868 0.07481 0.14057
0.52713 0.13063 0.27012
0.13449 0.19141 0.30144
0.65607 0.91957 0.39710
0.49683 0.24619 0.13981
0.80384 0.36056 0.62703
0.15551 0.38364 0.29639
0.67722 0.42780 0.62710
0.65527 0.30133 0.94512
0.92717 0.12744 0.26006
0.27776 0.69017 0.27724
0.80359 0.80512 0.33638
0.71095 1.65588 0.16528
0.30053 0.33593 0.91850
0.07321 0.27448 0.27954
0.51641 0.17318 0.25044
0.17461 0.86377 0.35821
0.08691 0.26475 0.47626
0.37036 -0.05051 0.47370
0.77325 0.80960 0.12278
0.71381 0.53838 0.73244
0.65455 0.72575 0.95760
0.48352 0.38243 0.33764
0.44291 0.37815 0.69243
0.52763 0.80404 0.68017
0.27289 0.77235 0.14559
0.39070 -0.39604 0.75956
0.50472 0.63497 0.28188
0.51971 0.63413 0.54149
0.40606 0.80466 0.24464
0.09338 0.49381 0.27848
0.38148 0.15775 0.79551
0.85328 0.42621 0.01864
0.84846 0.10951 0.32375
0.94076 0.73233 0.69372
0.36643 0.23519 0.72964
0.58746 0.52777 0.57609
0.67438 0.50958 0.36198
0.29646 0.48030 0.43833
0.83427 0.52234 0.87124
0.40030 0.95000 0.36797
0.54554 0.22550 0.89269
0.29764 0.79840 0.37923
0.67710 0.85217 0.16189
0.73413 0.56555 0.58484
0.56436 0.54780 0.57628
0.69844 0.08418 0.63981
0.08819 0.22695 0.89100
0.41506 0.60197 0.24495
0.04053 0.16129 0.67458
0.62024 0.81406 0.75662
0.04832 0.46879 0.81067
0.68064 0.50914 0.70241
0.16891 0.44016 0.04344
1.69154 0.29676 0.45361
0.96115 0.57671 0.07587
0.18858 0.03164 0.22078
0.43246 0.90588 0.85253
0.49170 0.89837 0.27565
0.10530 0.60871 0.25760
0.42714 0.55946 0.37533
0.46337 0.24511 0.14925
0.48920 0.56475 0.44468
0.89129 0.77845 0.60857
0.42048 0.95742 0.47141
0.86147 0.45948 0.79582
0.34738 0.85408 0.04736
0.94508 0.54349 0.20239
0.69977 0.45513 0.19802
8.00780 -6.27616 0.24828
0.75240 0.73354 0.20273
0.95808 0.21119 0.02818
0.41554 0.24718 0.91163
0.29193 0.02148 0.63115
0.30551 0.72005 0.60231
0.90680 0.21177 0.15612
0.03642 0.42581 0.13030
0.61364 0.59954 0.61385
0.11213 0.20662 0.17866
0.89581 0.29558 0.07471
0.32822 0.83889 0.79312
0.79452 0.10642 0.09382
0.55676 0.47982 0.28825
1.57233 -0.35328 0.41412
0.77530 0.52845 0.59269
0.81600 0.28855 0.96749
0.77676 0.70677 0.70265
-2.25077 0.71984 0.89159
0.12149 0.95408 0.99350
-0.01394 0.88563 0.16376
0.78946 0.79668 0.84594
0.24920 0.69108 0.50851
0.07953 0.33064 0.12374
0.90295 0.34763 0.56557
0.58668 0.21283 0.38962
0.47804 0.86007 0.56124
0.75555 0.04586 0.51057
0.73945 0.72566 0.99539
0.62901 0.48553 0.96585
0.45778 0.56575 0.64837
0.21127 0.86678 0.09969
0.05590 0.41995 0.10989
0.41635 0.74425 0.90202
0.53348 0.07775 0.69325
0.04893 0.42781 0.71957
0.61885 0.34598 0.06051
0.85836 0.74860 0.23488
0.85297 0.03864 0.97489
0.68417 0.26271 0.91731
0.49432 0.85517 0.76484
0.36712 0.53237 0.74529
0.91315 0.14124 0.52805
0.36727 0.37128 0.84707
0.95574 0.34689 0.42429
0.04923 0.91601 0.13239
0.56714 0.64388 0.52423
0.29082 0.68912 0.29301
0.94936 0.66521 0.80563
0.64137 0.10876 0.11730
0.42537 0.54215 0.88009
0.78579 0.37253 0.92777
0.40812 0.84772 0.50854
0.43697 0.02866 0.60099
0.43968 0.95371 0.50710
0.03341 0.23257 0.46393
0.33408 0.65488 0.54522
0.47560 0.72874 0.79000
0.07441 0.71464 0.38091
0.72877 0.59596 0.90913
0.48755 0.95295 0.88368
0.21657 0.20949 0.76789
0.69991 0.91805 0.64596
0.13605 0.24108 0.78557
0.36022 0.53836 0.48548
0.60803 0.26752 0.25532
0.36662 0.40578 0.69544
0.59202 0.37188 0.64901
-0.64883 3.58036 0.58138
0.60385 0.91532 0.90138
0.32766 0.85612 0.24326
0.27171 0.70226 0.57404
0.23544 0.69519 0.73021
0.95504 0.22119 0.00463
0.42233 0.27393 0.90213
0.89231 0.44865 0.68771
0.53605 0.14071 0.31821
0.17053 0.25857 0.18773
0.72526 0.07921 0.85926
0.47691 0.40783 0.20145
0.42233 0.31317 0.76936
0.89272 0.55117 0.45744
0.81906 0.57733 0.35716
0.55442 0.84580 0.26530
0.52811 0.25162 0.24200
0.39780 0.57333 0.09154
0.95500 0.92909 0.28914
0.92260 0.57853 0.04823
0.33583 0.47683 0.83432
0.66440 0.73328 0.80917
0.58479 0.58375 0.10079
0.41660 0.72583 0.69500
0.43768 0.16937 0.45738
0.26457 0.42940 0.38509
0.58956 0.46668 0.87825
0.94664 0.51497 0.06015
0.37283 0.52571 0.58785
0.16695 0.91104 0.86627
0.73383 0.19566 0.21629
0.62727 0.59135 0.45646
0.79096 0.64036 0.58121
0.42708 0.95924 0.63475
0.21489 0.87328 0.76996
0.55452 0.17620 0.23452
0.50200 0.53370 0.23283
0.85421 0.83069 0.89364
0.89898 0.38125 0.64931
0.82745 0.14943 0.18309
0.72403 0.30981 0.89306
0.23455 0.72684 0.69544
0.73124 0.68239 0.53017
0.63274 0.77278 0.41333
0.89195 0.18801 0.25114
0.89708 0.35026 0.76710
0.80460 0.20518 0.74873
0.79768 0.08221 0.36786
0.87700 0.44399 0.27936
0.80458 0.38120 0.34545
0.44603 0.09194 0.67072
0.11997 0.07748 0.21097
0.55070 0.99682 0.76734
0.41182 0.72289 0.01149
1.80045 1.22178 0.08948
0.11565 0.02819 0.37402
0.09055 0.82266 0.05323
0.48805 -0.11018 0.67708
0.25467 0.39991 0.50009
0.98074 0.76281 0.29653
0.91691 0.28084 0.74058
0.48041 0.40988 0.80297
0.17298 0.55296 0.51071
0.50499 0.93422 0.16887
0.61804 0.41071 0.75926
0.15820 0.67729 0.92056
0.52314 0.66278 0.71584
0.46577 0.53742 0.19413
0.06169 0.57909 0.29589
0.68300 0.67422 0.60640
0.67193 0.33014 0.41958
0.49751 0.65511 0.95212
0.87580 0.62608 0.31545
0.27335 0.91962 0.14364
0.47968 0.78152 0.53819
0.82364 0.42959 0.40568
0.76728 0.28087 0.00934
0.08046 0.23391 0.18199
0.66981 0.28445 0.38236
0.96500 0.69656 0.08442
0.04919 0.27800 0.10732
0.47740 0.25632 0.92499
0.14084 0.02785 0.97841
0.86032 0.39304 0.08639
0.09236 0.09881 0.12040
0.51762 0.73254 0.45206
0.51367 0.35540 0.55834
0.68058 0.60194 0.39923
0.16052 0.67943 0.01109
0.29284 0.63113 0.66047
0.39620 0.88610 0.98411
0.84932 0.42590 0.49464
0.71402 0.80946 0.57268
0.02885 0.76271 0.49552
0.18859 0.62000 0.63607
0.56019 0.51900 0.00745
0.38340 0.14672 0.69728
0.91896 0.83743 0.21612
0.16564 0.73793 0.09633
0.91787 0.89703 0.04409
0.10694 0.41416 0.09381
0.42209 0.62812 0.86706
0.87002 0.47978 0.35803
0.30984 0.95606 0.18151
0.45876 0.40069 0.02063
0.06894 0.15712 0.99665
0.15308 0.23088 0.74764
0.46525 0.13229 0.25791
0.76578 0.34071 0.82778
0.88831 0.80507 0.09839
0.35236 0.94530 0.48345
0.37799 0.48281 0.50423
0.50212 0.24001 0.91702
0.42926 0.10264 0.53594
0.25095 0.07609 0.00738
-0.19483 0.46401 0.37514
0.22537 0.94098 0.64231
0.73764 0.35862 0.32244
0.43236 0.09436 0.73174
0.69696 0.82730 0.69376
0.62924 0.92900 0.93793
0.61542 0.90291 0.70655
0.91672 0.56286 0.56341
0.23522 0.22355 0.39266
0.20416 0.93340 0.11287
-0.09954 0.63096 0.74451
0.36609 0.31813 0.95196
0.86027 0.84884 0.57006
0.28643 0.76846 0.64181
0.97189 0.85976 0.59740
0.14313 0.09386 0.42714
0.49575 0.45956 0.38273
0.61052 0.32938 0.68930
0.24646 0.71852 0.65120
0.28716 0.65429 0.90744
0.17768 0.23295 0.92900
0.85952 0.74626 0.44476
0.20176 0.22603 0.81610
0.96791 0.94108 0.32261
0.52865 0.48333 0.91988
1.07097 0.71004 0.10423
0.23962 0.52729 0.79513
0.63136 0.66639 0.75288
0.48584 0.31207 0.83129
0.42584 0.58545 0.92055
0.80554 0.93502 0.91172
0.66522 0.31922 0.09087
0.49136 0.13165 0.07972
0.07111 0.66728 0.37858
0.20441 0.51876 0.12970
0.48825 0.65700 0.13904
0.32868 1.10098 0.65685
0.62946 0.67826 0.77987
0.32672 0.51610 0.30985
2.38987 0.63229 0.36885
0.53309 0.04268 0.63809
0.23018 0.24779 0.00992
0.72188 0.17088 0.27138
0.77134 0.54919 0.35969
0.48914 0.01674 0.31536
0.79867 0.51034 0.57274
0.56112 0.83861 0.70021
0.09302 0.67234 0.58893
0.46342 0.94598 0.17540
0.69750 0.33094 0.63961
3.29344 0.71200 0.93720
0.62673 0.11838 0.07278
0.08039 0.69652 0.04971
1.75882 1.27702 0.43270
0.94884 0.73713 0.85255
0.66633 0.34289 0.38851
0.66106 0.32984 0.04918
0.82258 0.05042 0.84675
0.52402 0.71444 0.77431
0.65546 0.40586 0.36688
0.69664 0.28430 0.63365
0.90711 0.34407 0.68355
0.78225 0.04817 0.91626
0.63063 0.95397 0.07478
0.67319 0.32597 0.59544
0.57119 0.78179 0.00750
0.94185 0.35838 0.39383
0.38108 0.79323 0.66489
0.92507 0.45966 0.12391
0.20802 0.17608 0.15164
0.85668 0.45989 0.82545
0.29785 0.55245 0.32424
0.31584 0.60038 0.09456
0.61099 1.19180 0.42681
0.73321 0.42657 0.35121
0.12790 0.89592 0.18797
0.51894 0.26043 0.68606
0.73062 0.81736 0.47428
0.77847 0.22762 0.07129
0.06392 0.63379 0.74826
0.16313 0.13518 0.85322
0.91116 0.38052 0.43726
0.08737 0.36090 0.11144
0.45283 0.37067 0.38450
0.27504 0.75822 0.78815
0.83219 0.78565 0.04502
0.34105 0.43400 0.64864
0.52591 0.90402 0.99666
0.58984 0.17287 0.89870
0.19606 0.98949 0.03562
0.22285 0.38084 0.28711
0.09956 0.88614 0.69157
0.66465 0.74747 0.18502
0.30283 0.55616 0.11890
0.57344 0.49157 0.09686
0.53471 0.85374 0.02805
0.84144 0.06236 0.47876
0.42744 0.93054 0.34496
0.61714 0.31320 0.35562
0.33460 0.67104 0.72454
0.34829 0.31689 0.90111
0.60748 0.86439 0.55386
0.40219 0.80011 0.11364
0.48641 0.30800 0.40365
0.83672 0.74047 0.60977
0.11007 0.58129 0.16022
0.82972 0.96852 0.52393
0.44128 0.93580 0.12298
0.23606 0.24364 0.04736
0.14255 0.90169 0.71612
0.77373 0.52267 0.92471
0.52483 0.60610 0.69203
0.94135 0.21035 0.16878
0.23694 0.29082 0.13704
2.18000 0.12461 0.60629
0.38516 0.56638 0.03453
0.06601 0.44165 0.01023
0.93465 0.52896 0.13646
0.12204 0.94875 0.44556
0.45880 0.95542 0.09099
0.30510 0.76242 0.43173
0.16833 0.79302 0.89736
0.37732 0.49750 0.99479
0.30537 0.67145 0.27598
0.84384 0.74780 0.06474
0.12396 0.19220 0.85198
0.13490 0.25371 0.72372
0.68179 0.34047 0.74283
0.36815 0.61091 0.95950
0.11214 0.32533 0.17893
0.17465 0.82965 0.38561
0.46349 0.38381 0.23726
0.91349 0.40338 0.33506
0.66442 0.40679 0.40941
0.63148 0.07959 0.36550
0.11843 0.07260 0.29054
0.49158 0.05830 0.79008
0.06315 0.38609 0.58369
0.47187 0.54364 0.11543
0.73932 0.03891 0.89530
0.05587 0.10376 0.48873
0.31004 0.47592 0.75151
1.13676 1.35199 0.42004
0.63762 0.36577 0.34312
0.93907 0.79093 0.32181
0.20272 0.90121 0.99667
0.21896 0.72577 0.31444
0.48805 0.71384 0.17326
0.26589 0.35833 0.56370
0.48220 0.67332 0.24933
0.28713 0.30131 0.33067
0.75802 0.34285 0.13763
0.68454 0.49538 0.06737
0.06411 0.68738 0.07397
0.40815 0.13384 0.95674
0.06177 0.17165 0.22923
0.40146 0.39353 0.47599
0.21800 0.66298 0.57518
0.51077 0.56459 0.97133
0.04538 0.81671 0.57662
0.91893 0.55585 0.66655
0.77319 0.33730 0.48888
0.80062 0.84904 0.16547
0.48504 0.43074 0.42507
0.65883 0.52215 0.25360
0.41804 -0.04720 0.30705
0.66469 0.21408 0.26043
0.44819 0.09302 0.12619
0.63936 0.52519 0.26948
0.96180 0.70742 0.81948
0.16562 0.62196 0.25018
0.16829 0.89932 0.33798
0.56462 0.30694 0.76412
0.89859 0.53757 0.46547
0.51540 0.27570 0.24552
0.25251 0.89067 0.78236
0.44082 0.57452 0.81564
0.92667 0.75419 0.26578
0.29665 0.37642 0.49881
0.25790 0.13189 0.31489
0.19544 0.37310 0.38005
0.23892 0.93093 0.06511
0.12976 0.07114 0.16035
0.07956 0.82704 0.21042
0.40304 0.22029 0.60527
0.20756 0.86720 0.05504
0.74415 0.26182 0.89413
0.30829 0.31860 0.57544
0.15372 0.12772 0.97024
0.24260 0.61363 0.28023
0.06436 0.06091 0.82099
0.93331 0.39349 0.37845
-1.69736 -1.15773 0.82919
0.78727 0.70198 0.17064
0.25546 0.42470 0.56643
0.13263 0.81986 0.93060
0.94383 0.67963 0.12299
0.62281 0.52355 0.28493
0.04034 0.16114 0.51231
0.79388 0.23332 0.74252
-0.02288 0.82518 0.25329
0.49722 0.72158 0.72954
0.81125 0.07619 0.41706
-45.28265 -44.99060 0.85299
0.85185 0.79178 0.90885
-0.57740 -0.06883 0.40091
0.22925 0.92058 0.98983
0.24867 0.18262 0.08061
0.18791 0.82043 0.70114
0.77881 0.81897 0.31317
0.85623 0.55132 0.14160
0.99538 0.44083 0.24548
0.38960 0.21752 0.01770
0.33024 0.93664 0.19431
0.72362 0.74998 0.79000
0.11653 0.56247 0.10529
0.43227 0.40855 0.68950
0.81752 0.53968 0.17893
0.36256 0.22401 0.32734
0.88479 0.34105 0.73843
3.50603 -0.30776 0.24586
0.80340 0.91809 0.31979
0.75352 0.96267 0.18488
0.39362 0.09403 0.32692
0.52140 0.31733 0.01648
0.68288 0.66181 0.21211
0.94294 0.54982 0.98854
0.96087 0.29436 0.88630
0.81145 0.36231 0.73052
91.57033 12.77237 0.64476
0.92647 0.95819 0.22967
0.94133 -0.56702 0.53318
0.27919 0.46273 0.38018
0.72278 0.16151 0.89477
0.46344 0.56248 0.51598
0.04420 0.85323 0.09308
0.83501 0.13896 0.09937
0.58996 0.03809 0.65250
0.19798 0.02838 0.23390
0.45916 0.18773 0.63193
0.69287 0.48029 0.55018
0.66728 0.62545 0.52373
0.05763 0.55221 0.30186
4.03291 1.28089 0.31835
0.26484 0.68079 0.44944
0.70601 0.90636 0.36073
0.88860 0.92786 0.64145
0.28996 0.69455 0.49076
0.20698 0.66930 0.17944
0.51955 0.44251 0.75421
0.31097 0.30118 0.83047
1.06027 -0.11640 0.05502
0.76454 0.82052 0.12287
0.94825 0.99691 0.33260
0.80252 1.09450 0.96701
0.49157 0.04483 0.52472
0.58671 0.92180 0.13780
0.84148 0.37110 0.13731
0.95984 0.60906 0.81999
0.76636 0.08806 0.44453
0.85994 0.65464 0.65695
0.63454 0.76663 0.94681
0.41840 0.31772 0.72321
0.91436 0.49141 0.48269
0.82273 0.81516 0.38551
0.90764 0.65794 0.14291
0.42458 0.52905 0.63658
0.21556 0.22258 0.27258
0.95506 1.23647 0.76021
0.90414 0.94006 0.01602
0.55209 0.31027 0.31463
0.30510 0.46982 0.14487
0.69178 0.59413 0.08391
0.35806 0.04469 0.55888
0.66739 0.30321 0.32356
0.85981 0.03039 0.60866
0.55293 0.05405 0.93705
-0.97566 -0.29686 0.13260
0.68329 0.19450 0.58426
0.98215 0.11855 0.35961
0.64742 0.32500 0.87921
0.34379 0.83794 0.50428
0.93702 0.33756 0.06204
0.91914 0.70234 0.67863
0.09134 0.38834 0.35571
0.47406 0.92886 0.77058
0.78484 0.87534 0.56723
0.59835 0.44020 0.32011
0.18207 0.45359 0.71897
0.20657 0.96393 0.59836
0.31709 0.39992 0.00948
0.58677 0.10757 0.49988
0.72104 0.45019 0.54492
0.86439 0.27669 0.98408
0.38160 0.19052 0.90575
0.63444 0.55395 0.84108
0.69707 0.25301 0.45621
0.78598 0.65389 0.89771
0.38690 0.99492 0.28656
0.75239 0.95930 0.63482
0.35828 0.73224 0.49972
0.99302 0.21193 0.94473
0.89162 0.24469 0.17054
0.27437 0.60703 0.85118
0.14010 0.47932 0.49342
0.06262 0.79620 0.42011
0.04076 0.80560 0.46424
0.13846 0.21006 0.18302
0.53619 0.62235 0.43576
0.56933 0.66223 0.94540
0.25160 0.04205 0.82529
0.58363 0.95808 0.95529
0.65969 0.83002 0.04689
0.42076 0.27780 0.43707
0.98574 0.35026 0.83381
0.61001 0.77156 0.00592
0.84051 0.61152 0.32455
0.27947 0.82292 0.67613
-0.11045 0.58153 0.38869
0.49507 0.08584 0.83773
0.12314 0.52968 0.32932
0.70568 0.17451 0.22082
0.44529 0.44968 0.78730
0.81133 0.54148 0.77138
0.09900 0.41402 0.50684
0.50632 0.72963 0.39943
0.07061 0.28906 0.17207
0.91314 0.30831 0.50149
0.23760 1.02523 0.78664
0.04238 0.84352 0.29325
0.62242 0.13132 0.38153
0.10961 0.94905 0.28252
0.44663 0.60811 0.45440
0.54585 0.24540 0.84003
0.08366 0.13851 0.30000
0.52727 0.95843 0.75721
1.18900 1.72401 0.05240
0.17124 0.07406 0.46465
0.22791 0.18306 0.29535
0.65127 0.18057 0.22728
0.03918 0.30154 0.60916
0.62713 0.62914 0.41097
0.75382 0.56519 0.99695
0.75881 0.66689 0.32540
0.14598 0.09376 0.94532
0.60862 0.53362 0.75243
0.35242 0.58259 0.59226
0.79260 0.42836 0.55093
0.81031 0.20727 0.25943
0.95535 0.06491 0.74746
0.41421 0.19331 0.86225
0.75484 0.96312 0.85885
0.52257 0.93283 0.17548
0.65692 0.09184 0.43364
0.41438 0.14423 0.05119
0.09715 0.35427 0.65075
0.12920 0.57947 0.65022
0.57033 0.84869 0.29893
0.62900 0.41032 0.60145
0.42974 0.21125 0.57716
1.05375 -0.44194 0.91507
0.37784 0.12194 0.69388
0.06832 0.67936 0.97797
0.72479 0.63331 0.99620
0.64568 0.73400 0.15085
0.47657 0.06367 0.14690
0.93024 0.68920 0.40447
0.40182 0.17285 0.80695
0.51445 0.58558 0.77849
0.74700 0.19777 0.15481
0.63529 0.63650 0.51334
0.39063 0.70618 0.74160
0.91504 0.65917 0.94119
0.32154 0.36670 0.21200
0.67256 0.44575 0.24516
0.28302 0.42283 0.46937
0.19873 0.71374 0.24103
0.60516 0.20468 0.33664
0.09074 0.80499 0.31167
1.18058 0.40845 0.96939
0.28220 0.60980 0.98287
0.19752 0.29986 0.21894
0.51030 0.46654 0.90513
0.59277 0.84404 0.77353
0.04599 0.59709 0.66978
0.78423 0.59992 0.06951
0.14269 0.48664 0.07082
0.27944 0.26275 0.84813
0.05555 0.17669 0.94954
0.41267 0.90052 0.27499
0.15809 0.10147 0.11410
0.62180 0.35171 0.26483
0.63925 0.76570 0.46674
0.80210 0.01882 0.00801
0.81375 0.58521 0.45119
0.16279 0.07508 0.57816
0.19081 0.85865 0.08364
0.22853 0.95259 0.73548
0.35736 0.23009 0.38999
0.42188 0.74448 0.74397
0.32951 0.32929 0.36938
0.59436 0.80144 0.08392
0.72840 0.37724 0.93439
0.21071 0.55194 0.40728
0.79601 0.87660 0.00914
0.49737 1.42128 0.70964
0.05453 0.31055 0.55727
0.76458 0.71174 0.35287
0.56309 0.64046 0.43690
0.69764 0.26632 0.15453
0.50305 0.80763 0.88450
0.69602 0.29825 0.43902
0.90102 0.34273 0.36652
0.29674 0.39397 0.35480
0.40394 0.74401 0.97656
-0.00572 3.31327 0.76170
0.07821 0.84391 0.07504
0.08924 0.21995 0.91312
0.13949 0.19136 0.14724
0.56989 0.81012 0.07263
0.88900 0.56484 0.08575
0.45275 0.56490 0.73707
0.08806 0.65585 0.16203
0.44257 0.89853 0.89061
0.47278 0.13489 0.15329
0.44928 -0.91722 0.64082
0.12786 0.00438 0.54280
0.34406 0.71364 0.85739
0.15117 0.86710 0.21669
0.65139 0.21500 0.84172
0.41158 0.24275 0.50956
0.85123 0.92702 0.02509
10.61637 1.37165 0.27271
1.03075 0.25321 0.04249
0.96383 0.39941 0.46542
0.49940 0.19110 0.28184
0.49903 0.39688 0.75198
0.91932 0.78629 0.20715
0.51481 0.18450 0.65678
0.29112 0.06236 0.59781
0.04953 0.95670 0.63126
0.63566 0.24988 0.54850
0.48236 0.73448 0.74518
0.47612 0.87354 0.50524
0.37131 0.53489 0.93604
0.56238 0.18288 0.66817
0.14061 0.07974 0.73624
0.85836 0.41452 0.23143
0.15990 0.89074 0.63168
0.71455 0.27524 0.37298
0.16162 0.27828 0.93878
0.63981 0.39918 0.20597
0.60079 0.84734 0.04123
0.29341 0.75431 0.11098
0.06985 0.19461 0.43177
-0.05435 0.25410 0.40097
0.09278 0.73199 0.45656
0.36124 0.25572 0.58626
0.38755 0.54880 0.20345
0.92292 0.44377 0.89662
0.60388 0.58565 0.80609
0.98809 0.86102 0.58845
0.24270 0.87304 0.61606
0.78072 0.28969 0.45413
0.27105 0.61032 0.17523
0.39491 1.05910 0.64749
0.80433 0.28915 0.23901
0.30076 0.66337 0.97734
0.13534 0.97560 0.36662
0.95449 0.73148 0.60536
0.37180 0.41353 0.50437
0.26729 0.18939 0.22271
0.32705 0.07062 0.83160
0.16444 0.11521 0.45791
0.72950 0.07247 0.98252
0.38961 0.30773 0.03844
0.70078 0.38833 0.69960
0.16379 0.70995 0.29247
6.26072 6.83097 0.30488
0.70023 0.58109 0.02755
0.79286 0.25937 0.03701
0.48106 0.14338 0.06747
-0.06719 0.84028 0.80528
0.80627 0.28441 0.55808
0.89239 0.45083 0.56142
0.50340 0.74863 0.83299
0.23008 0.90703 0.23446
0.47911 0.14950 0.82177
1.71276 -0.28843 0.84962
0.82608 0.23207 0.49462
0.05628 0.44600 0.56132
0.48924 0.81219 0.95346
0.64743 0.17561 0.50091
0.19121 0.80386 0.10940
0.81967 0.33542 0.51174
0.95458 0.87288 0.70760
0.49278 0.94202 0.01172
0.90758 0.82715 0.83507
0.78941 0.10181 0.24266
0.25737 0.65797 0.96248
0.76911 0.59265 0.64673
0.36075 0.52466 0.13828
0.67942 0.95461 0.87820
0.52172 0.16626 0.93902
0.35464 0.85503 0.97949
0.95986 0.13306 0.30415
0.63058 0.81346 0.08759
0.84472 0.08513 0.10225
0.57030 0.52974 0.85250
0.05639 0.82871 0.08014
0.29084 0.60617 0.98054
0.64790 0.76962 0.03948
0.94280 0.79882 0.55023
0.08538 0.27682 0.00412
0.10185 0.31835 0.75570
0.60594 0.34464 0.74154
0.89800 0.20047 0.87672
0.27353 0.93360 0.20565
0.81889 0.06376 0.32256
0.40990 0.84516 0.18642
0.47713 0.78775 0.67654
0.26308 0.76852 0.34128
0.02443 0.95945 0.39229
0.14890 0.05987 0.37677
-0.01116 0.97699 0.83875
0.50198 0.86825 0.08306
0.45452 0.14013 0.51231
0.73897 0.43993 0.03638
0.05574 0.57442 0.50331
0.38786 0.29086 0.36665
0.54382 0.80162 0.94865
0.46255 0.01295 0.99552
0.67714 1.00580 0.37719
0.16237 0.74668 0.34055
0.82934 0.23375 0.77332
0.05025 0.56242 0.76717
0.28224 0.14068 0.06949
0.44883 0.73192 0.14172
0.04711 0.09323 0.13198
0.73458 0.10026 0.04943
0.49125 -0.02579 0.62660
0.57971 0.85773 0.06756
0.14589 0.34683 0.09646
0.43710 0.36441 0.03513
0.46007 0.88326 0.84179
0.11842 0.81676 0.74789
0.38686 0.86532 0.41036
0.70210 0.18567 0.78932
0.37802 0.37097 0.40799
0.82794 0.71849 0.84969
0.61568 0.57553 0.46837
0.86975 0.03218 0.37939
0.69449 0.87238 0.01244
0.73006 0.54131 0.79512
0.08859 0.42336 0.43728
0.08958 0.23069 0.40178
0.47380 0.15438 0.99113
0.85535 0.08773 0.81924
0.41201 0.64836 0.11128
0.34009 0.89322 0.78474
0.07628 0.75074 0.89274
0.28515 0.31617 0.55200
1.11106 0.39963 0.37193
0.41471 0.33119 0.21344
0.09734 0.26254 0.23259
0.46805 0.47088 0.47628
0.40054 0.09358 0.99520
0.15051 0.41378 0.21393
0.63791 0.41024 0.27788
0.69146 0.17557 0.80970
0.87013 0.74208 0.11149
0.90285 0.71634 0.49552
0.45970 0.95137 0.11451
0.52378 0.34506 0.91059
0.12517 0.91207 0.09663
0.36727 0.76369 0.51963
0.12810 0.59681 0.74675
1.83340 1.40305 0.62414
0.94186 0.87881 0.22292
0.78385 0.05896 0.26778
0.15033 0.11122 0.11183
0.28976 0.62507 0.73740
0.15944 0.05483 0.05555
0.46123 0.91116 0.33446
0.72635 0.43606 0.79443
0.03993 0.72069 0.66713
0.77603 0.68458 0.49168
0.77112 0.80078 0.84297
0.87910 1.10693 0.74705
0.77444 0.24438 0.70652
0.68652 0.23070 0.00679
0.81630 0.62793 0.04066
0.86206 0.83979 0.62399
0.62285 0.25421 0.31871
0.22047 0.28153 0.15227
0.45631 0.42162 0.98226
0.97733 -0.07305 0.98191
0.61128 0.93188 0.00075
0.31127 0.08812 0.32965
0.38713 0.28942 0.18323
0.68742 0.44351 0.21145
0.10211 0.89152 0.31031
0.15993 0.68176 0.41883
0.36817 0.68705 0.82937
0.38733 0.69295 0.93424
0.74987 0.71547 0.84010
0.59846 0.57108 0.87156
1.00159 0.27435 0.84594
0.16417 0.72068 0.27299
0.71450 0.10102 0.65389
0.84684 0.54524 0.56815
0.94123 0.36538 0.99205
0.87226 0.81442 0.81564
0.77196 0.95738 0.17080
0.81564 0.56768 0.35370
1.67783 3.37520 0.64172
0.67013 0.08920 0.32174
0.87471 0.34729 0.63914
0.94656 0.87473 0.12435
0.64830 0.76132 0.99533
0.59190 1.01658 0.69552
0.17872 0.68553 0.00316
1.31674 -0.59111 0.17936
-0.03906 0.39232 0.76510
0.94881 0.39156 0.88603
0.71291 0.25601 0.07500
0.35478 0.73200 0.69655
0.20084 0.56673 0.21710
0.55593 0.34191 0.34360
0.67780 0.21308 0.48116
0.22123 0.84943 0.83044
0.21016 0.69162 0.35023
0.06532 0.14064 0.89720
0.74484 0.92885 0.39570
0.11029 0.17598 0.90696
-0.15355 1.91652 0.47084
0.83833 0.60898 0.13059
0.29807 0.75899 0.31150
0.31430 0.91039 0.94444
0.96078 0.27239 0.68282
0.15946 0.66029 0.84274
1.19794 0.34902 0.09637
0.68744 0.37778 0.21305
0.09795 0.33866 0.02938
0.33879 0.77329 0.93379
0.88789 0.08149 0.36685
1.00822 1.75211 0.55069
0.46086 0.26909 0.56701
0.05248 0.43334 0.09597
0.73610 0.73470 0.91868
-0.73369 0.58372 0.61625
0.81261 0.19235 0.19415
0.57989 0.32024 0.29280
0.53784 0.61129 0.88113
0.94035 0.25808 0.37512
0.22570 0.97743 0.55772
0.77720 0.21843 0.56191
0.07563 0.47398 0.33874
0.35165 0.91953 0.79605
0.30599 0.84012 0.86565
0.00567 0.33467 0.32580
0.67034 0.08306 0.56696
0.02503 0.00431 0.75111
-3.14820 0.35126 0.78925
0.88652 0.56245 0.94427
0.81732 0.13901 0.78797
0.29808 0.58224 0.46004
0.69024 0.69396 0.14593
0.35622 0.49309 0.88519
0.80205 0.89741 0.09208
0.83666 0.14265 0.05670
0.04063 0.63718 0.59422
0.58713 0.36556 0.05639
0.87696 0.93945 0.99327
0.05273 0.23949 0.10820
0.83973 0.75496 0.30456
0.58929 0.85279 0.40066
0.16892 0.35447 0.73954
0.46274 0.39766 0.58132
0.83566 0.19303 0.51620
0.55550 0.52023 0.77856
0.03826 0.86531 0.47547
0.28138 0.64222 0.49446
0.12224 0.84259 0.23459
0.09212 0.45244 0.75187
0.35021 0.53860 0.78021
0.55568 0.19805 0.99419
0.73267 0.47057 0.35170
0.88126 0.93025 0.70863
0.39354 0.95495 0.94450
0.05290 0.21941 0.06849
0.93030 0.38051 0.75975
0.73529 0.80769 0.18394
0.25556 -0.81942 0.06640
0.25565 0.88149 0.56643
0.11873 0.57912 0.67925
0.20488 0.10617 0.58586
0.04954 0.43922 0.18662
0.27023 0.04432 0.21392
0.04698 0.75811 0.61366
0.89622 0.16645 0.52757
0.27134 0.55393 0.93875
0.63696 -0.11542 0.74942
0.41080 0.52080 0.11602
0.26836 0.74396 0.41879
0.51202 0.07222 0.42683
0.69225 0.59909 0.55103
0.72303 0.28383 0.42756
0.67302 0.91851 0.88667
0.43831 0.31306 0.98725
0.59556 0.65635 0.27694
0.06728 0.04750 0.14866
0.82096 0.48814 0.59887
0.08841 0.93375 0.31530
0.80169 0.50190 0.04624
0.92281 0.77308 0.59165
0.30961 0.46207 0.90737
0.63758 0.33122 0.15177
0.22178 0.23024 0.79127
0.49344 0.06233 0.50789
0.29980 0.69481 0.00924
0.96444 0.43177 0.79956
0.68282 0.10198 0.98908
0.70905 0.26819 0.45615
0.87658 0.46212 0.38606
0.41430 0.31695 0.10489
0.31390 0.17142 0.76225
0.68483 0.37428 0.49284
0.06645 0.38597 0.41482
0.64767 0.85906 0.54228
0.27355 0.88048 0.47910
0.51230 0.26893 0.74820
0.46519 0.24736 0.17761
18.39843 7.47085 0.33744
1.15283 0.81029 0.30827
0.68818 0.46177 0.54033
0.48884 0.04601 0.96354
0.93091 0.88971 0.49660
0.59455 0.80951 0.80643
0.07605 0.85196 0.56554
0.30579 0.29876 0.40442
0.76976 0.28041 0.70110
0.95270 0.43817 0.01515
0.37279 0.81229 0.96324
0.50405 0.68779 0.47233
0.69672 0.36335 0.95870
0.55604 0.67409 0.78090
2.11869 4.99224 0.89305
0.63123 0.31019 0.86782
0.09103 0.16145 0.55215
0.62681 0.62629 0.04033
0.74951 0.76066 0.48088
0.44859 0.49539 0.28585
0.12650 0.37432 0.15431
0.73001 0.75863 0.14136
0.56115 0.73716 0.55629
0.86076 0.51097 0.90703
0.15085 0.30885 0.27314
0.65036 0.15224 0.53287
0.06932 0.26054 0.60793
0.24382 0.92132 0.34633
-0.19701 1.24493 0.04266
0.18211 0.20599 0.08428
-9.96981 -0.03373 0.29674
0.69608 0.06736 0.17744
-0.13729 -1.29059 0.21905
0.57108 0.40331 0.47859
0.06097 0.05609 0.39016
0.35749 0.84262 0.29592
0.37072 0.29036 0.68474
0.30090 0.13530 0.19536
0.46194 0.64658 0.82874
0.19171 0.08238 0.87770
0.55456 0.68269 0.19470
0.42616 0.21465 0.48132
-0.15743 -1.64767 0.15057
0.05688 0.45577 0.16607
0.43534 0.80637 0.40433
0.20538 0.87053 0.79778
0.75891 0.34012 0.54001
0.90922 0.52605 0.82428
0.05248 0.20892 0.76101
0.54736 0.71217 0.98864
0.83776 0.35973 0.06990
0.09584 0.34658 0.78884
4.58870 0.18239 0.05042
0.93093 0.39910 0.67316
0.28177 0.75877 0.68165
0.05056 0.77725 0.38634
0.79029 0.87164 0.36569
0.00796 0.94925 0.96736
0.26628 0.30117 0.68983
0.92443 0.74035 0.70558
0.97786 0.62977 0.88818
0.16682 0.07047 0.20390
0.30704 0.90648 0.52750
0.78836 0.68582 0.01478
0.35332 0.78138 0.04501
0.65620 0.43305 0.89936
0.19866 0.46048 0.77733
0.72850 0.34493 0.83923
0.39399 0.51086 0.97422
0.75412 0.14480 0.08990
0.64821 0.13909 0.77192
0.21331 0.90803 0.29508
0.91322 0.77722 0.45034
0.17828 0.91884 0.96710
0.84663 0.81905 0.81573
0.20467 0.91554 0.05216
0.04568 0.88882 0.31672
0.31764 0.03469 0.64607
0.28295 0.70649 0.18783
0.85613 0.34303 0.29460
0.42730 0.40191 0.45647
0.23937 0.78318 0.90272
0.21385 0.12461 0.92363
0.45083 0.20035 0.01382
0.33069 0.60474 0.48481
0.44463 0.82437 0.36842
0.04576 0.52758 0.96643
0.53648 0.56281 0.28930
0.71065 0.21038 0.89450
0.22095 0.44319 0.82922
0.58333 0.71065 0.92843
0.48845 0.30036 0.44657
0.26175 0.34058 0.73221
0.61422 0.18398 0.82126
-0.30007 1.65744 0.56306
0.28789 0.44399 0.63044
0.04891 0.03195 0.54799
0.25582 0.83606 0.85418
0.88767 0.01719 0.72609
0.08427 0.58699 0.61535
0.35287 0.52477 0.61409
0.68879 0.64243 0.61596
0.96497 0.77987 0.93739
0.94373 0.89235 0.69479
0.41816 0.36901 0.08831
-0.02500 0.17352 0.01619
0.43550 0.33546 0.15664
0.26121 0.84736 0.94718
0.05859 0.80360 0.07973
0.83442 0.55420 0.18622
0.28191 0.68996 0.64060
0.20952 0.47654 0.64734
0.92676 0.78887 0.70115
0.29470 0.02678 0.54538
-0.07800 0.54219 0.30069
0.21851 0.21450 0.47917
0.24833 0.62131 0.23427
0.50576 0.35282 0.41102
0.38312 0.44296 0.10975
0.75070 0.79152 0.11127
0.38190 0.30238 0.36153
0.51981 0.22345 0.53310
0.17593 0.84348 0.93873
0.42069 0.51224 0.95915
0.36938 0.24846 0.03503
0.08069 0.81347 0.03361
0.23767 0.60208 0.98055
0.11899 0.42707 0.04555
0.69522 0.84734 0.22513
-0.07332 0.90530 0.29651
0.63087 0.86383 0.50459
0.94949 0.07321 0.62796
0.46132 0.40616 0.64731
0.45443 0.73564 0.65145
0.30096 0.36525 0.94882
0.53798 0.03912 0.32272
0.07619 0.45224 0.51970
0.23376 0.63702 0.24110
0.25298 0.38233 0.65724
0.82951 0.26599 0.52285
0.49334 0.67516 0.72105
0.64642 0.22338 0.59802
0.01585 0.10088 0.74222
1.27627 -3.97409 0.43182
0.43495 0.82955 0.05394
0.81646 0.22559 0.51786
0.69254 0.43339 0.35571
0.27256 0.58575 0.64707
0.92383 0.72110 0.03563
0.93423 0.87366 0.10791
0.12329 0.20695 0.95119
1.03411 0.66263 0.50217
-15.77976 -0.89229 0.89169
0.87993 0.29507 0.57359
0.93928 0.04409 0.42470
0.58174 0.32896 0.61783
0.29952 0.40638 0.18351
0.09323 0.40089 0.64883
6.62914 -0.59891 0.47143
0.74224 0.81443 0.43407
0.32130 0.99005 0.72166
0.09776 0.86770 0.64550
0.44161 -1.27155 0.01594
0.64528 0.11576 0.15873
0.54140 0.29474 0.14819
0.19285 0.29162 0.90330
0.36522 0.47345 0.53186
0.32911 0.82545 0.51091
0.89309 0.12758 0.09217
-1.01437 -0.70987 0.01134
0.42934 0.43647 0.54566
0.40549 0.02874 0.05990
0.32303 0.16593 0.05455
0.92823 0.87700 0.69530
-0.01872 0.12435 0.73125
0.24673 0.65346 0.82182
0.90619 0.21636 0.01971
0.57150 0.84148 0.38611
0.84997 0.14231 0.89787
0.12004 0.62040 0.43743
0.18733 0.45667 0.66535
0.06218 0.58065 0.23346
0.48591 0.65175 0.36036
0.73030 0.48894 0.20976
0.46753 0.27953 0.54654
0.09736 0.23213 0.01491
0.77508 0.29246 0.82860
0.42195 0.70416 0.62307
0.02434 0.67126 0.01991
0.76856 0.42850 0.43475
0.90582 0.59419 0.91102
0.65497 0.74237 0.56670
0.01487 0.03179 0.30539
0.46439 0.28615 0.05849
0.64444 0.64022 0.66008
0.92530 0.68844 0.04990
0.49573 0.90247 0.03886
0.89501 0.03842 0.31249
0.17945 0.07068 0.06195
0.39149 0.14295 0.60355
0.13900 0.21159 0.85080
8.86749 -12.00492 0.47630
0.61324 0.28051 0.63482
0.57276 0.59501 0.68818
0.07205 0.47513 0.64226
0.59135 0.52110 0.23599
0.62181 0.43879 0.46611
0.40151 0.20571 0.51353
0.41860 0.21166 0.31199
0.01942 0.47198 0.12528
0.29316 0.70043 0.85204
0.79111 0.45502 0.51940
0.87147 0.10783 0.24796
0.18120 0.77220 0.23321
0.44449 0.92810 0.01881
0.75038 0.14657 0.04709
0.85612 0.36558 0.89068
-8.04222 12.91793 0.17619
0.01700 0.33793 0.81611
0.28460 0.65990 0.28632
0.87736 0.47178 0.44457
0.92054 0.92941 0.95878
0.30974 0.28711 0.39963
0.67564 0.60679 0.05824
0.17067 0.46086 0.18917
1.91397 1.64999 0.26621
0.09479 0.96081 0.59768
0.58016 0.30553 0.74371
0.48503 0.29960 0.84220
0.73349 0.35431 0.59355
0.18998 0.98673 0.79695
0.40975 0.94397 0.36592
0.10143 0.15344 0.90980
0.96560 0.63094 0.84844
0.98684 0.83047 0.56753
0.06473 0.40875 0.01632
0.79070 0.38272 0.91485
0.78852 0.82943 0.54386
0.79678 0.38990 0.25520
0.55531 0.96506 0.01334
0.72181 0.84587 0.17484
0.62329 0.15111 0.67507
0.04667 0.80683 0.03287
1.90508 1.95965 0.04312
0.57974 0.67658 0.61380
0.84419 0.59869 0.32428
0.14092 0.83187 0.15263
0.58949 0.25286 0.86865
0.67652 0.65203 0.09338
0.67990 0.41537 0.19326
0.72327 0.25223 0.02972
0.41858 0.48038 0.43375
0.64415 0.61952 0.28207
0.52264 0.65175 0.57826
0.18632 0.72975 0.51627
0.70474 0.63250 0.16055
0.70009 0.46939 0.42215
0.40785 1.00580 0.18893
0.07804 0.48952 0.18265
0.60437 0.21257 0.38068
0.85961 0.84977 0.01802
0.00473 0.61848 0.71277
0.26379 0.64592 0.57965
0.28396 0.39177 0.71666
0.72916 0.62878 0.86304
0.45029 1.18954 0.12741
0.24900 0.93865 0.25428
0.31318 0.53623 0.65814
0.35618 0.56700 0.21074
0.77283 0.21438 0.42489
0.94140 0.11237 0.75402
0.43013 0.16114 0.37832
0.66082 0.59557 0.04677
0.63680 0.39254 0.66140
0.44593 0.63424 0.52586
0.90812 0.14894 0.15685
0.47088 0.80504 0.85500
0.65735 0.31524 0.66556
0.22120 0.71751 0.40762
0.15514 0.62986 0.46150
0.88581 0.83781 0.63028
0.43920 0.64655 0.92252
0.04501 0.43863 0.70636
0.85636 0.09029 0.96403
0.77886 0.86311 0.39257
0.94230 0.38599 0.56311
-4.96717 4.56365 0.84097
0.62562 0.65381 0.07888
0.71230 0.84518 0.78610
0.76435 0.36256 0.78182
0.04161 0.25541 0.27612
0.68321 0.53769 0.20340
0.10660 0.94795 0.25137
0.06000 0.51654 0.32222
0.82221 0.26029 0.61628
0.56090 0.74008 0.00957
0.19053 0.87967 0.16816
0.45278 0.26424 0.49113
0.20135 0.09808 0.30546
0.07974 0.27076 0.98822
0.49490 0.67357 0.66117
1.09416 0.84285 0.48004
0.97936 0.62791 0.74931
0.86690 0.43574 0.62348
0.24830 0.15340 0.08667
0.40432 0.86648 0.04665
0.69864 0.84815 0.92371
0.32867 0.42610 0.87141
0.69287 0.78334 0.45340
0.95247 0.11111 0.06922
0.38391 0.28713 0.95683
0.06236 0.72098 0.46390
0.82348 1.07059 0.40233
0.67000 0.37427 0.50785
0.26237 0.69997 0.28041
0.70069 0.72665 0.22403
0.30164 0.92058 0.28804
-0.01680 0.94273 0.53830
0.13601 0.58187 0.03104
0.51474 0.19618 0.83593
0.06082 0.62191 0.21218
0.90306 0.30829 0.00957
0.98548 0.43553 0.80933
0.16739 0.13932 0.56377
0.63864 0.70844 0.00596
0.48759 0.43769 0.76059
-1.43918 -1.22945 0.42336
1.64881 1.38550 0.29499
0.66586 0.20322 0.15247
0.08294 0.60253 0.82294
0.31786 0.90442 0.77131
0.94650 0.65197 0.37973
0.77838 0.59826 0.39752
0.65878 0.27652 0.86805
0.42196 0.51999 0.66831
0.76598 0.41034 0.76231
0.44012 0.21550 0.95891
0.43629 0.94991 0.90547
0.77797 0.28435 0.95462
0.49818 0.77103 0.35612
0.29045 1.01977 0.21308
0.36363 0.56805 0.59548
0.61409 0.57311 0.57558
0.83064 0.54336 0.08062
0.63350 0.85398 0.64857
0.91220 0.43087 0.34106
0.28865 0.09192 0.52455
0.58502 0.85140 0.02933
0.67630 0.28555 0.51554
0.58541 0.59381 0.45626
0.93686 0.73659 0.51992
0.00533 0.85925 0.07235
0.27488 0.08878 0.94389
0.61248 0.88714 0.98135
0.91851 0.91472 0.16576
0.39941 0.24714 0.12041
0.42380 0.62117 0.84900
0.17403 0.77686 0.44332
-0.84720 0.43396 0.01313
0.72855 0.04893 0.66468
0.61032 0.64829 0.75917
0.90355 0.43911 0.25667
0.89289 0.40773 0.77776
0.23221 0.17815 0.97411
0.46508 0.87776 0.52292
0.77364 0.84384 0.23691
0.80679 0.28535 0.71373
0.26028 0.44535 0.80604
0.49406 0.46067 0.81049
0.06353 0.16112 0.43047
0.15675 0.39451 0.19159
0.55221 0.81581 0.46216
0.84244 0.80771 0.58044
0.31309 0.34293 0.63930
1.12288 -0.30468 0.91917
0.20835 0.94307 0.20979
0.03400 0.93409 0.78144
0.86864 0.17565 0.25680
0.78496 0.10439 0.04047
0.72100 0.03754 0.36312
0.74264 0.61619 0.37784
0.48784 0.83860 0.34013
0.25081 0.01264 0.20274
0.26512 0.06067 0.12511
0.35966 0.18152 0.59035
0.56985 0.82906 0.76508
0.13400 0.66738 0.93100
0.31904 0.14326 0.00957
0.03592 0.03548 0.99898
1.06858 0.57740 0.98716
0.38976 0.81721 0.08256
0.39239 0.16530 0.04618
0.30187 0.37673 0.28365
0.97647 0.21092 0.98691
1.19029 0.59893 0.16473
0.87002 0.84333 0.44261
0.27835 0.37145 0.35309
0.12788 0.19004 0.67632
0.57356 0.53331 0.79984
0.97708 0.45651 0.23717
0.29819 0.04609 0.34205
0.98037 0.49107 0.14492
0.28706 0.16465 0.58700
0.28528 0.68672 0.82119
0.55663 0.41671 0.52180
0.89587 0.32380 0.63202
0.08402 0.80903 0.51249
0.22992 0.58301 0.28265
0.83377 0.62961 0.36132
0.27693 0.36131 0.02124
0.42544 0.89068 0.84466
0.68959 1.05132 0.18280
0.82484 0.29356 0.48140
0.62709 0.72740 0.78672
0.86228 0.80201 0.78396
0.63789 0.61364 0.46710
0.52825 0.51300 0.80764
0.69055 0.89298 0.70014
0.37162 0.41490 0.76073
0.41971 0.92162 0.68239
0.49190 0.51170 0.47791
-80.70833 -206.85951 0.30041
0.11826 0.11009 0.37199
0.49526 -0.04533 0.82128
0.26963 0.66285 0.79663
0.41991 0.46046 0.84233
0.82169 0.30988 0.57993
0.75633 0.79794 0.18137
0.03495 0.49643 0.68478
0.13867 0.55972 0.67052
0.54123 0.89838 0.18537
0.17378 0.78665 0.19944
0.16196 0.00177 0.66835
0.08053 0.49976 0.07204
0.38518 0.27859 0.31609
0.16479 1.01125 0.82485
0.44377 0.71961 0.93819
0.56051 0.89977 0.99167
0.86673 0.22137 0.22096
0.92443 0.84509 0.93742
0.14902 0.09614 0.74132
0.13522 0.56353 0.91401
0.23262 0.20622 0.71309
0.67308 0.11327 0.32617
0.68410 0.12577 0.50131
0.68410 0.79798 0.25818
0.49667 0.11470 0.34126
0.88134 0.53405 0.61777
0.49456 0.50845 0.08172
0.58203 0.89318 0.00398
2.35453 1.31345 0.49319
0.79598 0.93753 0.17378
0.51574 0.78213 0.05495
0.49501 0.89091 0.53789
1.69908 -2.81747 0.13971
0.05992 0.51184 0.47698
0.24349 0.08250 0.62488
0.60168 0.61057 0.33349
0.92327 0.49154 0.52925
0.47112 0.87224 0.08928
0.40962 0.87923 0.71074
0.07172 0.52381 0.79753
0.42510 0.82239 0.30729
0.16007 0.90062 0.82900
0.46921 0.19718 0.60930
0.64019 0.75753 0.98977
0.37333 0.77284 0.26778
0.77330 0.88918 0.09874
0.15325 0.89210 0.75863
0.59005 0.28310 0.98805
0.96999 0.31142 0.80151
0.50925 0.14137 0.12813
0.11584 0.73424 0.48365
0.25154 0.22345 0.06486
0.84187 0.71172 0.22012
0.53974 0.75011 0.17661
0.10136 0.89936 0.97856
0.98317 1.03330 0.82827
0.59937 0.58898 0.96174
0.09458 0.43396 0.22374
0.33460 0.51457 0.21816
0.75052 0.21303 0.25240
0.45357 0.93059 0.66315
0.79913 0.30761 0.69696
0.78686 0.07154 0.61168
0.30765 0.07162 0.99905
-0.02931 0.65441 0.99543
0.28145 0.37307 0.91643
0.13003 0.39549 0.69997
0.20836 0.82699 0.64067
0.90395 0.24845 0.18593
0.96939 0.82000 0.13672
0.78581 0.20153 0.19341
0.93270 0.14656 0.12431
0.55643 0.62120 0.75760
0.30676 0.91900 0.31955
0.76535 0.12330 0.52130
6.78824 -4.53932 0.67590
0.38133 0.61452 0.00471
0.52565 0.06370 0.00774
0.74949 0.72500 0.37126
0.31330 0.21307 0.54445
0.03549 0.21294 0.44664
0.55207 0.64742 0.46245
0.84422 0.28596 0.47238
0.25879 0.93085 0.68063
0.58405 0.49160 0.35669
1.05925 0.82370 0.98775
0.52743 0.11025 0.74378
0.22174 0.94160 0.68634
0.16847 0.39982 0.94658
0.29052 0.61320 0.41917
0.66814 0.42609 0.79683
0.71799 0.80981 0.38152
0.15158 0.71560 0.57038
0.84074 0.60081 0.79948
0.61377 0.38783 0.92609
0.14867 0.93466 0.27824
0.87329 0.42017 0.05824
0.26896 0.84721 0.97248
0.80042 0.84935 0.56041
0.66975 1.02056 0.07210
0.30787 0.31446 0.09920
0.35807 0.26019 0.31491
0.96553 0.67286 0.94256
0.14590 0.52199 0.76508
0.08631 0.94687 0.15453
0.28548 0.24913 0.94516
0.86568 0.39027 0.38958
0.22072 0.31367 0.47803
0.18402 0.65217 0.78575
0.82127 0.86197 0.83755
0.35870 0.39175 0.32538
0.53436 0.67244 0.55106
0.45872 0.50892 0.18599
0.12057 0.38828 0.27041
0.07333 0.86404 0.06968
0.70690 0.20946 0.83275
0.65411 0.58843 0.45502
0.52365 0.78892 0.69949
0.19796 0.39394 0.55856
0.13044 0.90836 0.66634
0.73469 0.69073 0.95379
0.45168 0.35018 0.55208
0.25485 0.51306 0.95247
0.84939 0.76676 0.13966
0.34455 0.06902 0.68907
0.22650 0.93511 0.71998
0.04242 0.29122 0.47535
0.81131 0.84244 0.22428
0.37652 0.25970 0.62359
0.47830 0.60962 0.56027
0.46781 -0.62940 0.82198
0.65720 0.07088 0.47242
0.13480 0.28400 0.85237
0.82857 0.30580 0.40356
0.08965 0.64944 0.70616
1.17424 0.76960 0.81825
0.71361 0.19175 0.11523
0.19697 0.35567 0.58065
0.50109 0.72017 0.08564
0.09618 0.75001 0.62504
0.33372 0.45411 0.40256
0.04319 0.57226 0.67479
0.86031 0.66435 0.76783
0.87986 0.88641 0.64543
0.59218 0.02643 0.29338
0.64164 0.01371 0.31509
0.49389 0.70232 0.08656
0.36999 0.36963 0.81866
0.58532 0.30833 0.90023
0.89912 0.33139 0.01667
1.94287 3.07261 0.55072
0.82804 0.37397 0.69590
1.11994 1.02736 0.54032
0.58191 0.49429 0.21026
0.51070 0.34818 0.92873
0.58997 0.33193 0.27496
0.70328 0.23291 0.91895
0.77808 0.87358 0.13595
0.34984 0.80813 0.95112
0.33727 0.12274 0.28441
0.87822 0.31793 0.21860
0.78830 0.15646 0.27032
0.38831 0.42922 0.29606
0.04308 0.22320 0.10400
0.20919 0.87666 0.30331
0.23333 0.68382 0.89588
0.08530 0.34233 0.66097
0.61015 0.03143 0.28840
0.22154 0.51113 0.42551
0.87571 0.73352 0.72021
0.18601 0.77124 0.21936
0.86238 0.21297 0.70749
0.45380 0.46874 0.89232
0.95319 0.21123 0.13495
0.08086 0.66849 0.24064
0.05211 0.24690 0.76642
0.69899 0.44987 0.83488
0.37651 0.61228 0.87355
0.21333 0.20139 0.33503
-0.69915 0.17923 0.99294
0.23445 0.38542 0.67867
0.12948 0.58112 0.49653
0.80624 0.83983 0.97924
0.78035 0.68858 0.72431
-0.01461 0.25131 0.34377
0.05445 0.79571 0.79727
0.10050 0.22304 0.55057
0.70275 0.56322 0.26233
0.17780 0.12745 0.21633
0.47876 0.70027 0.25531
0.07971 0.94233 0.09295
0.88824 0.70493 0.50341
0.05922 0.41820 0.04864
0.15575 0.71162 0.86584
0.12121 0.74314 0.85608
0.92067 0.03001 0.00126
0.92156 0.84864 0.68381
0.39376 0.39908 0.02050
0.76090 0.65847 0.56094
0.06468 0.78995 0.58021
0.40874 0.82984 0.61821
0.67513 0.45158 0.13504
0.53076 0.30881 0.76457
0.60389 0.81879 0.11342
0.88881 0.05104 0.27014
0.67791 0.28849 0.96927
0.43517 0.41069 0.36821
1.01934 0.89177 0.15517
0.14365 0.29704 0.23402
0.19986 0.07151 0.98681
0.35634 0.95890 0.46160
0.94560 0.73091 0.59099
0.58731 0.59827 0.54886
0.83417 0.75369 0.00226
0.91861 0.89194 0.77419
0.08486 0.31279 0.86610
0.37763 0.96919 0.76039
0.74410 0.69723 0.70794
0.87066 0.84835 0.98531
0.79160 0.50650 0.72719
0.32651 0.93740 0.00664
0.65779 0.32566 0.83481
0.06392 0.55685 0.65823
0.50102 0.23518 0.13645
0.75199 0.15851 0.33027
0.68114 0.63277 0.58914
0.28213 0.45151 0.00581
0.67136 0.45583 0.58432
0.87209 0.30819 0.51866
0.13522 0.94433 0.37111
0.78049 0.60858 0.47068
0.13042 0.23605 0.67899
0.62477 0.87422 0.28975
0.64043 0.19119 0.89943
0.24719 0.58238 0.04034
0.34842 0.49532 0.31372
0.71361 0.41487 0.84968
0.84734 0.03326 0.81961
1.18755 0.49974 0.01637
0.25834 0.13158 0.12037
0.53535 0.00860 0.07442
0.35042 0.87840 0.61408
0.31499 0.49490 0.75091
0.13719 0.51822 0.52815
0.26330 0.25806 0.90652
0.52846 0.61396 0.44741
0.14072 0.80367 0.04504
0.92880 0.80373 0.34241
0.51272 0.22203 0.31705
0.06892 0.38183 0.71151
0.12700 0.07203 0.22415
1.04634 0.44464 0.19203
0.31526 0.36182 0.79268
0.50338 0.16012 0.94608
0.39133 0.33523 0.60481
0.65527 0.87887 0.85105
0.94581 0.78146 0.25116
0.78548 0.62641 0.43914
0.77597 0.14350 0.65387
0.15311 0.24663 0.57447
0.34434 0.37765 0.25814
0.56267 0.56702 0.88250
0.94413 0.20679 0.55068
0.72181 0.69407 0.59121
0.35329 0.56779 0.24428
0.83261 0.80427 0.09767
0.56892 0.03966 0.21174
0.17604 0.71361 0.45869
0.63724 0.46807 0.27896
0.68205 0.11141 0.48873
0.29956 0.82731 0.37315
0.36195 0.25654 0.45507
0.84857 0.69357 0.54962
0.86207 0.23323 0.28805
0.51906 0.84572 0.46737
0.40081 0.79136 0.23580
0.11577 0.21749 0.92689
0.07002 0.74066 0.01168
0.91352 -0.00639 0.88473
0.96524 0.94560 0.03509
0.68442 0.91969 0.07294
0.91376 0.82178 0.70392
-2.15021 1.72508 0.55248
0.83681 0.85164 0.87290
0.60378 0.63212 0.10735
1.36382 0.24463 0.54573
0.32596 0.84679 0.91866
0.49523 0.34983 0.23759
0.75631 0.76710 0.59811
0.45700 0.17082 0.54343
0.06925 0.90186 0.66523
0.28634 0.05036 0.38496
0.55734 0.31439 0.49351
0.25847 0.62637 0.73224
0.82445 0.83711 0.80163
0.73125 0.70501 0.49695
0.46512 0.71073 0.46294
0.38183 0.28980 0.19970
0.91928 0.48326 0.64421
0.53182 0.03424 0.33041
0.25412 0.28022 0.68441
0.10429 0.29143 0.09182
0.26253 0.09450 0.83480
0.84659 1.09644 0.66588
0.64389 0.15620 0.43254
0.13520 0.41221 0.57707
-0.40241 -1.32181 0.38186
-6.37502 7.59297 0.64256
0.07103 0.69927 0.03709
0.36402 0.22597 0.01502
0.92650 0.63000 0.91865
0.12838 0.43516 0.35902
0.08753 0.87304 0.29197
0.49394 0.45364 0.12609
0.72345 0.25245 0.42043
0.44904 1.97519 0.49462
0.70981 0.12198 0.72844
0.31809 0.98776 0.13108
0.47038 0.43813 0.90342
0.78707 0.69266 0.88775
0.53535 0.31817 0.07410
0.04250 0.12221 0.26047
0.39743 0.82930 0.99129
0.69175 0.84110 0.46576
0.87975 0.65817 0.91218
0.63518 0.54490 0.93999
0.98893 0.33396 0.12108
0.69597 0.30159 0.06906
0.59152 0.66463 0.10585
0.18520 0.93597 0.33550
0.80722 0.38107 0.97977
0.50575 0.92728 0.67493
0.32869 0.05146 0.92739
0.05168 0.48342 0.88237
0.04621 0.30933 0.30714
0.92603 0.81636 0.60304
0.30409 0.67637 0.87228
0.06927 0.65670 0.77404
0.78809 0.52135 0.97764
0.40458 0.81144 0.43081
0.74817 0.77413 0.12878
0.22801 0.29740 0.08622
0.15005 0.21822 0.83935
0.07572 0.76760 0.22283
0.33133 0.51735 0.84835
0.72804 0.78234 0.45829
0.89960 0.68575 0.13239
0.47692 0.53183 0.03684
0.39556 0.16631 0.57518
0.35162 0.17284 0.78871
0.64243 0.00148 0.45710
0.69159 0.75529 0.36506
1.04433 0.68475 0.98736
0.62215 0.06568 0.08506
0.94312 0.77717 0.14605
0.91943 0.39583 0.22235
0.26857 0.45901 0.68397
0.94023 0.84832 0.11279
0.46239 0.21739 0.71441
0.27883 0.85175 0.14586
0.72556 0.09473 0.26433
0.55083 0.21386 0.83061
0.15174 0.72340 0.17363
0.24320 0.91778 0.52094
0.48818 0.34953 0.63895
0.71399 0.58188 0.56784
0.35259 0.07247 0.34492
0.48311 0.43703 0.69562
0.33436 0.49638 0.35936
0.61081 0.84351 0.35654
0.64956 0.88192 0.32617
0.56920 0.93772 0.19475
0.56960 0.92346 0.68894
0.03676 0.72935 0.26602
0.08288 0.22612 0.27753
0.43442 0.62394 0.65223
0.71376 0.73456 0.83980
0.20094 0.88055 0.99145
0.39553 -0.13466 0.52333
0.56624 0.75936 0.46437
0.60527 0.23436 0.19157
0.11461 0.65743 0.91779
0.74181 0.27011 0.11813
0.25714 0.91166 0.21784
0.03395 0.04910 0.38218
0.29519 0.78345 0.27281
-14.65663 1.31933 0.17951
0.96160 0.38059 0.69234
0.18560 0.49543 0.93539
0.09213 0.29093 0.18155
0.67257 0.20946 0.22576
0.78745 0.22231 0.86764
0.56919 0.72575 0.47715
0.67229 0.54008 0.27118
-0.45533 1.97296 0.80176
0.56586 0.92374 0.84221
0.12320 0.06737 0.03327
0.10671 0.50698 0.75026
0.82315 0.95634 0.97920
0.91702 0.70236 0.77871
0.33112 0.35452 0.78110
0.28070 -0.17551 0.02018
0.85033 0.61349 0.94380
0.95795 0.05266 0.16373
0.23484 0.66655 0.13142
2.44417 1.38727 0.14901
0.59407 0.83650 0.31051
0.78748 0.10659 0.70022
0.45493 0.58394 0.71246
0.41228 0.21572 0.21839
0.10334 0.82828 0.66096
0.08295 0.53155 0.55386
0.48383 0.90479 0.34034
0.74852 0.74043 0.11010
0.83868 0.69901 0.28142
0.50333 0.14749 0.44103
0.14091 0.95746 0.66615
0.80101 0.71824 0.48968
0.16991 0.83623 0.52096
0.32778 0.70361 0.69333
0.46172 -0.00783 0.27511
0.74841 0.28500 0.00788
0.16556 0.59585 0.44447
0.16492 0.51120 0.32559
0.50255 0.20607 0.20288
0.15496 0.93581 0.87114
0.86519 0.78523 0.83153
0.64102 0.81407 0.30057
0.78339 0.09842 0.41595
0.34991 0.87569 0.19524
0.26379 0.94518 0.86867
0.66334 0.47242 0.99073
0.37489 0.55326 0.49351
0.17222 0.55725 0.17757
0.32817 0.26672 0.23609
-0.04591 0.39688 0.34579
0.83158 0.09932 0.80977
0.08952 0.03285 0.12533
0.56788 0.03438 0.55198
0.66563 0.38011 0.07167
0.61995 0.31522 0.39890
0.15042 0.52541 0.41506
0.42916 0.86724 0.66702
0.61559 0.70360 0.63184
0.56309 0.59500 0.70971
0.27265 0.51878 0.62963
-0.08174 1.70914 0.26359
0.92092 0.66924 0.94386
1.07232 0.00070 0.71458
0.40574 0.89183 0.20384
0.42067 0.90152 0.98749
0.31550 0.96455 0.52071
0.20632 0.72407 0.54353
0.84018 0.42827 0.12072
0.45346 0.83094 0.18119
0.94937 0.15295 0.40168
0.48354 0.07775 0.86209
0.17484 0.17200 0.77803
0.15934 0.21266 0.59256
0.51008 0.90016 0.67667
0.67692 0.54022 0.84528
0.08066 -0.67480 0.05921
0.07245 0.42534 0.25175
0.11811 0.26278 0.25742
0.88989 0.50118 0.21244
0.62181 0.37481 0.56166
0.06303 0.70401 0.48580
0.17329 0.06005 0.58847
0.08291 0.36292 0.04702
0.76084 0.30381 0.66684
0.20713 0.69025 0.08105
0.16756 0.48600 0.09742
0.40806 0.92716 0.91104
0.83624 0.26447 0.34214
0.54850 0.87277 0.97087
0.04599 0.85486 0.44383
0.94982 0.63062 0.93850
0.45805 0.87505 0.40833
0.38009 0.25073 0.38286
0.89256 0.04176 0.13363
0.41438 0.52157 0.50795
0.13539 1.07713 0.96280
0.21916 0.19157 0.80079
0.87440 0.50998 0.77798
0.78135 0.21420 0.88668
0.91775 0.81279 0.75364
0.94100 0.19308 0.57075
0.46267 0.47960 0.87066
0.62342 0.40546 0.27617
0.83437 0.87130 0.95225
0.85641 0.41902 0.31682
0.34594 0.38658 0.50625
0.39404 0.41341 0.95787
0.15086 0.27314 0.42309
0.97059 0.92426 0.92593
0.76600 0.51370 0.00224
0.17095 0.56177 0.85213
0.18933 0.60431 0.45383
0.85946 0.04628 0.63540
-0.06185 1.55954 0.84361
0.12082 0.18970 0.71865
0.74784 0.33242 0.97171
0.54725 0.17067 0.55605
0.87703 0.60663 0.66517
0.46992 0.66161 0.38907
0.91533 0.58895 0.85347
0.86893 0.67187 0.31466
0.28606 0.47918 0.07561
0.94944 0.10054 0.71968
0.79495 0.21173 0.52698
0.50468 0.71862 0.91358
0.62200 0.34987 0.38884
0.75342 0.18964 0.22091
1.10600 0.23167 0.54744
0.49631 0.18107 0.86178
0.88558 0.27326 0.96167
0.26623 0.31791 0.94578
0.91673 1.06134 0.02402
0.69832 0.34835 0.20831
0.29741 0.91582 0.02339
0.49083 -0.12957 0.74640
0.47317 0.43370 0.87778
0.22677 0.29598 0.23672
0.69647 0.48938 0.28749
0.35256 0.62827 0.63567
0.62185 0.34134 0.33732
0.69356 0.68270 0.35639
0.36441 0.41152 0.42455
0.44551 0.81615 0.11644
0.24395 1.75810 0.30095
16.08262 2.43204 0.63846
0.87214 0.45601 0.67845
0.49245 0.01586 0.46260
0.04800 0.43059 0.82461
0.77986 0.68901 0.54914
0.50600 0.54524 0.62716
0.68109 0.62683 0.26242
-0.19148 0.98928 0.39623
0.44949 0.43961 0.57906
0.74666 0.48421 0.41940
0.85239 0.72674 0.69047
1.18772 0.24379 0.81969
0.12927 0.69926 0.75886
0.80569 0.23502 0.66119
0.14859 0.34337 0.25942
0.29878 0.61023 0.22915
0.44870 0.20763 0.05336
0.56217 0.69759 0.40362
0.11410 0.93761 0.96222
0.32699 0.71745 0.27021
0.27683 0.17800 0.76604
0.64462 0.50549 0.57070
0.34373 0.56400 0.76652
0.89744 0.81503 0.20239
0.79348 0.90169 0.56999
0.07448 0.85622 0.41297
0.38809 0.23362 0.50193
0.43317 0.84321 0.13541
0.50052 0.85842 0.68930
0.96331 0.10230 0.27940
0.08404 0.53733 0.30544
0.09433 0.56505 0.73077
0.91849 0.82886 0.42636
0.29369 1.06541 0.47104
0.57322 0.23185 0.00426
0.57260 0.12585 0.26546
0.80945 0.59484 0.70513
0.54554 0.68236 0.96519
0.55171 0.06625 0.69330
0.50989 0.92025 0.17533
0.28427 0.14534 0.68367
0.67127 0.87882 0.23140
0.11788 0.12619 0.38460
0.84290 0.66456 0.77560
0.78323 0.06707 0.08693
-0.07416 0.09025 0.12376
0.18233 0.82968 0.33473
0.52968 0.36697 0.04757
0.40879 0.79981 0.81190
0.23566 0.36257 0.75576
0.08322 0.68283 0.98987
0.92708 0.05749 0.98701
0.86735 0.25022 0.37307
0.28114 0.29645 0.12435
0.32056 0.61444 0.54505
0.12033 0.05053 0.03069
0.24119 0.25075 0.32262
0.16593 -0.06526 0.70990
0.24551 0.85889 0.57694
0.26138 0.34123 0.84275
0.30921 0.46578 0.71479
0.74772 0.13262 0.21867
0.47480 0.06744 0.02264
0.66652 0.21021 0.76344
0.09077 0.94912 0.52496
0.23596 0.06708 0.61698
0.33240 0.63515 0.20929
0.53977 0.80574 0.97963
0.87840 0.95060 0.81469
0.91588 0.29053 0.37032
0.63540 0.36331 0.44946
1.01988 0.79874 0.78877
0.55763 0.95073 0.69157
0.81167 0.55646 0.45307
0.40584 0.32409 0.32379
0.61685 0.05192 0.10530
0.90324 0.72214 0.72028
0.83892 0.13281 0.96585
0.50136 0.37419 0.59686
0.95905 0.75112 0.54930
0.45955 0.21287 0.33521
0.11968 0.65904 0.61436
0.60009 0.11548 0.47223
-0.09689 1.13718 0.73138
0.28797 0.52565 0.77242
0.58984 0.51865 0.12829
0.78627 1.16672 0.67157
0.11592 0.92145 0.37845
0.08612 0.41598 0.54891
0.60916 0.07375 0.58746
0.19761 0.15674 0.29972
0.74102 1.63468 0.19843
0.24088 0.28097 0.94457
0.57102 0.57087 0.98978
0.79785 0.61171 0.14561
0.73129 0.81016 0.10854
0.25355 0.85549 0.53551
0.77040 0.92858 0.48201
0.01388 0.65346 0.27593
0.18850 0.51240 0.80316
0.14012 0.50879 0.20023
0.41485 0.22237 0.38783
0.04123 0.75112 0.31927
0.58311 0.29097 0.50196
0.16917 0.73955 0.31140
0.77216 0.48198 0.92875
0.50802 0.55336 0.12125
2.15387 -0.38828 0.09834
0.87654 0.08504 0.87983
0.42774 0.23280 0.38562
0.08190 0.87822 0.55138
0.51318 0.41665 0.17188
0.87645 0.63249 0.05793
0.17949 0.75228 0.95631
0.95665 0.32666 0.43829
0.75916 0.30017 0.90496
0.20685 0.83370 0.30039
1.02300 1.01035 0.54263
0.38244 0.72479 0.64230
0.31373 0.07944 0.80517
0.23461 0.10846 0.08602
0.29808 0.57477 0.14873
0.18434 0.13486 0.30651
0.23101 0.76388 0.95069
0.88527 0.31146 0.74838
0.28502 0.95063 0.61512
0.67596 0.70276 0.00427
0.20791 0.80100 0.68000
0.45543 0.27959 0.11691
0.49555 0.85058 0.23062
0.42732 0.93071 0.58040
0.33566 0.08343 0.48079
0.11177 0.70760 0.90237
-0.65843 -1.72793 0.85070
0.12972 0.24371 0.47987
0.67796 0.13952 0.75543
0.76070 0.22689 0.97717
0.17025 0.15360 0.24973
0.51946 0.25851 0.87976
0.12043 0.35301 0.44424
23.11596 -3.37150 0.90565
0.66362 0.40027 0.02295
0.05675 0.67766 0.96956
0.68054 0.86396 0.93730
0.51123 0.31700 0.13047
0.08670 0.07805 0.12470
0.59916 0.60989 0.60386
0.81302 0.23096 0.18694
0.59078 0.84393 0.76042
0.07987 0.77290 0.33748
0.61600 0.71700 0.68895
0.39898 0.38447 0.20417
0.12566 0.93561 0.60111
0.09303 0.81080 0.52956
0.30230 0.62924 0.73819
0.90028 0.15643 0.29027
0.85332 0.60238 0.15962
0.84594 0.82987 0.63713
0.81519 0.31983 0.96804
0.29227 0.67615 0.29648
0.42653 0.97902 0.12705
0.78020 0.26817 0.47645
0.52932 0.83475 0.35862
0.51173 0.00530 0.06181
0.51661 0.09671 0.58255
0.26552 0.80021 0.89359
0.44524 0.25395 0.51688
0.43730 0.81724 0.56686
0.04829 0.37921 0.62323
0.95094 0.31856 0.21535
0.07562 0.37705 0.50453
-0.14481 2.90476 0.00394
0.06766 0.16485 0.37922
0.26630 0.78264 0.17344
0.04135 0.84205 0.43673
0.01464 0.54123 0.93544
0.55226 0.93138 0.12443
0.30330 0.60081 0.21133
0.17777 0.59742 0.42049
0.58119 0.28361 0.56495
0.58182 0.25671 0.82421
0.39703 0.21543 0.62680
0.27044 0.65440 0.14866
0.89484 0.73676 0.56330
0.20998 0.79372 0.62493
0.08736 0.96362 0.73209
0.74829 0.81628 0.09810
0.36916 0.24516 0.45727
0.08210 0.02963 0.65709
0.40597 0.80756 0.09907
0.29655 0.40033 0.30084
0.67458 0.24508 0.26073
0.63485 0.97954 0.90727
0.75311 0.57384 0.32847
0.77276 0.57951 0.74161
0.11589 -0.00297 0.87348
0.74010 0.54497 0.44617
0.14061 0.12670 0.54937
0.77296 0.55969 0.40546
0.89140 0.31225 0.42878
0.79153 0.77100 0.41746
0.41492 0.75674 0.93220
0.44133 0.91036 0.23167
0.10905 0.33824 0.51417
0.61314 0.03176 0.61883
0.39981 0.78629 0.39748
0.59942 0.94783 0.30737
0.76209 0.56948 0.43356
0.56013 0.46737 0.37398
0.58251 0.76434 0.40125
0.60108 0.26710 0.52040
0.13754 0.09566 0.70866
0.62073 0.76634 0.08812
0.56958 0.48795 0.13559
0.03996 0.92332 0.69154
0.46788 0.17195 0.77099
0.44791 0.39605 0.90659
0.94898 0.85647 0.94346
0.81672 0.51816 0.25631
0.33727 0.48979 0.64250
0.91350 0.78217 0.05858
0.74633 0.37731 0.80489
3.18473 -0.34660 0.62419
0.41115 0.11535 0.23102
0.52559 0.53571 0.77472
0.42186 0.36925 0.97854
0.91416 0.35860 0.65447
0.93588 0.71564 0.35277
0.71866 0.58418 0.37106
0.51983 0.62624 0.33114
0.39708 0.74187 0.47754
0.55004 0.30039 0.69431
0.11223 0.47308 0.59085
0.89957 0.72061 0.01853
0.24242 0.06293 0.32649
0.96790 0.06067 0.47239
0.88549 0.69642 0.14159
0.06931 1.01016 0.03718
-122.97094 97.46372 0.90434
0.20833 1.04946 0.55598
0.58835 0.38467 0.68905
0.22057 0.95975 0.63067
0.12926 0.10263 0.58133
0.43728 0.46876 0.52800
0.90118 0.42750 0.23874
20.58112 -19.77560 0.17219
0.58475 0.51494 0.46345
0.07851 0.35151 0.67303
0.67053 0.18343 0.02775
0.63279 0.53089 0.40902
0.93458 0.25116 0.11035
0.92914 0.34392 0.27954
0.79290 0.78017 0.82551
0.05539 0.64938 0.56185
0.88855 0.55309 0.93064
0.79297 0.79781 0.42601
1.33272 0.07255 0.46362
0.32966 0.24935 0.85850
0.41601 0.18972 0.11967
0.42484 0.11924 0.97417
0.40034 0.33670 0.98434
0.24480 0.02866 0.87540
0.73662 0.08491 0.37326
0.58534 0.98804 0.24033
0.06750 0.45532 0.17586
1.40551 0.79328 0.03552
0.46359 0.14999 0.15115
0.90799 -0.04290 0.13922
0.15650 0.60466 0.25082
0.18830 0.44206 0.12006
0.66431 0.77858 0.65721
0.94065 0.06888 0.22993
0.76656 0.61090 0.82436
0.75918 0.37105 0.94839
0.70112 0.35096 0.04579
0.31281 0.32947 0.54218
0.57492 0.18828 0.67980
0.62563 0.33329 0.02561
0.05184 0.34043 0.68904
0.77350 0.68897 0.93441
0.82924 0.86874 0.01647
0.22415 0.87801 0.33325
0.14913 0.68388 0.81557
0.40179 0.18937 0.19922
0.69835 0.76294 0.65471
0.65396 0.49613 0.76276
0.95006 0.83894 0.08452
0.90975 0.31103 0.51409
0.84917 0.71206 0.28212
0.30096 0.15147 0.76360
0.52909 0.61198 0.99422
0.95468 0.67936 0.93547
0.08118 0.57849 0.64717
0.47501 0.51197 0.05114
0.51496 0.40551 0.59539
0.15077 0.77897 0.78548
0.96403 0.84048 0.78099
0.22663 0.84681 0.11514
0.07917 0.97330 0.77909
0.27843 0.35833 0.21546
0.41338 0.80819 0.28294
0.91343 0.14752 0.40038
0.65534 0.18524 0.26167
0.26424 0.27498 0.01085
0.87960 0.37491 0.16426
0.82031 0.18024 0.11899
0.66969 0.09641 0.22294
0.75843 0.87767 0.63103
0.33840 0.03881 0.55871
0.52945 0.51156 0.94743
0.39241 0.86694 0.44157
0.20907 0.42172 0.19425
0.53652 0.53719 0.24006
0.72337 0.48735 0.89191
0.44686 0.88812 0.59243
0.12284 0.24023 0.80840
0.11839 0.20843 0.33255
0.72572 0.82967 0.75013
0.47144 0.29085 0.21635
0.38138 0.07493 0.32987
0.38985 0.26880 0.85282
0.58704 0.42315 0.75033
0.13408 0.03353 0.31005
0.29139 0.77421 0.32318
0.17979 0.11974 0.52112
0.17511 0.31128 0.55598
0.68094 0.04077 0.55954
0.80594 0.19071 0.95837
0.35448 0.40058 0.50420
0.14824 0.18950 0.55799
0.93870 0.77399 0.77025
0.60063 0.74375 0.11164
0.77117 0.64224 0.85866
0.23479 0.35407 0.33132
0.95440 0.52513 0.25940
0.27385 0.45640 0.99838
0.83976 0.20487 0.46417
0.79221 0.09576 0.83252
0.68924 0.46434 0.54955
0.31578 0.94754 0.54260
0.57928 0.68854 0.74118
0.35150 0.51574 0.48900
0.54110 0.42477 0.30847
0.21013 0.93721 0.04555
0.52710 0.99061 0.64905
0.38274 0.21469 0.44109
0.02375 0.78487 0.94916
0.91950 0.54507 0.94269
0.62497 0.33303 0.07027
0.00004 1.00884 0.99788
0.67575 0.86458 0.40669
0.20683 0.80029 0.37936
0.08103 0.40546 0.10716
0.74149 0.70118 0.56771
0.76610 0.45096 0.08678
0.90212 0.78372 0.62458
0.16878 0.33866 0.82980
-2.83672 -0.95466 0.14940
0.67377 0.11577 0.42255
0.69944 0.74893 0.86067
0.48209 0.77939 0.42037
0.88520 0.43530 0.62193
0.15240 0.32627 0.24177
0.36732 0.65323 0.84681
0.36197 0.67481 0.26528
0.08836 1.56988 0.04364
0.37485 0.25522 0.93325
-0.38495 -4.28963 0.56028
0.00782 0.59464 0.18805
0.30072 0.22543 0.28914
0.08668 0.95437 0.64627
0.02822 0.03220 0.20186
0.89132 0.07302 0.49920
0.08326 0.67466 0.63130
0.58362 0.37274 0.58665
0.10126 0.10032 0.48984
0.13375 0.95341 0.12405
0.77733 0.24265 0.41090
0.52965 0.47611 0.34100
0.62186 0.07660 0.31447
0.79243 0.42486 0.92796
0.58523 0.65142 0.95432
0.14089 0.10874 0.32036
0.12876 0.34551 0.28341
0.35277 0.08666 0.19302
0.22079 0.54882 0.77512
0.76764 0.45258 0.97193
0.91302 0.84480 0.23236
0.13152 0.14985 0.12970
0.74260 0.53740 0.08504
0.87511 0.93267 0.86200
0.40395 0.28585 0.62326
0.30759 0.84618 0.78755
0.05283 0.03697 0.07977
0.63780 0.97459 0.94227
0.30169 0.86138 0.57261
0.67928 0.39063 0.70746
0.03110 0.71355 0.91563
0.32849 0.40064 0.17138
0.54624 0.41981 0.80125
0.98361 0.36902 0.02001
0.77161 0.59957 0.95308
0.97643 0.07915 0.77688
0.86901 0.07819 0.76640
0.85186 0.90122 0.92318
0.04246 0.28992 0.09871
0.96800 0.81291 0.36719
0.59990 0.14746 0.79146
-0.21217 0.06037 0.06353
0.70060 0.58983 0.05917
0.10329 0.76478 0.99023
-3.80050 -1.59153 0.13986
0.12960 0.83516 0.30400
0.34293 0.58767 0.68476
0.04135 0.71964 0.54239
0.59717 0.64603 0.54877
0.82604 0.83523 0.35746
0.03231 0.01494 0.95560
0.53325 0.03501 0.57852
0.71773 0.60163 0.72260
0.74878 0.70598 0.37704
0.07732 0.79849 0.40569
0.28202 0.77388 0.68643
0.75825 0.46008 0.34601
0.30470 0.31072 0.09419
0.84688 0.59856 0.72799
0.93352 0.29526 0.82538
0.12093 0.31458 0.44254
2.66041 1.00903 0.25901
0.70572 0.02690 0.09751
0.84906 0.66453 0.80972
0.95412 0.86409 0.96513
0.56668 0.43862 0.35701
0.45926 0.93963 0.71241
0.86921 0.72715 0.80905
0.83373 0.66296 0.30650
0.27554 1.30155 0.20849
0.04702 0.71512 0.85573
0.14670 0.53366 0.94908
0.85190 0.48499 0.42472
0.75324 0.10094 0.60542
0.38187 0.12975 0.49537
-0.02157 0.90420 0.16656
0.94344 0.14319 0.84492
0.29993 0.92960 0.60796
0.83892 0.30411 0.01138
0.29369 0.21569 0.66672
0.26528 0.34674 0.13407
0.71927 0.70405 0.18922
0.74731 0.60674 0.27735
0.09103 0.19859 0.57134
0.03382 0.62330 0.72269
0.11987 0.40607 0.80703
0.07447 0.64243 0.77076
0.30852 0.23712 0.35871
0.19093 0.86510 0.96527
0.50614 0.18509 0.10898
0.64606 0.81704 0.32436
1.12503 0.63081 0.46814
0.63496 0.28472 0.79815
0.63849 0.65876 0.72152
0.68483 0.33620 0.44584
0.13750 0.36561 0.02922
0.64163 0.23370 0.43764
0.17731 0.28765 0.81726
0.74220 0.73443 0.95565
1.45396 1.04986 0.37653
0.57860 0.01693 0.90950
0.62314 0.03157 0.93173
0.61333 0.39860 0.39138
0.31179 0.05688 0.98335
0.49573 0.48144 0.37714
0.86845 0.46841 0.03583
0.76299 0.23116 0.41646
0.12607 0.18916 0.42083
0.65708 0.54926 0.40407
0.08138 0.59628 0.81364
1.72076 0.53761 0.48195
0.17372 0.32879 0.92836
0.85749 0.08242 0.84377
0.78960 0.09898 0.42705
0.06195 0.79639 0.96043
0.85966 0.67977 0.64312
0.85676 0.80046 0.84402
0.79829 0.82207 0.77868
0.66270 0.50540 0.89371
0.27962 0.71962 0.18639
0.16324 0.90320 0.51457
0.86253 0.09904 0.45104
0.16129 0.89662 0.16851
0.93920 0.23706 0.80538
0.43496 0.73336 0.37589
0.57072 0.89630 0.66984
0.01571 0.90637 0.71450
0.85818 0.79867 0.71065
0.10362 0.50892 0.16886
0.83778 0.36013 0.42279
0.62298 0.28518 0.91205
0.51310 0.47992 0.30335
0.79422 0.05891 0.03379
0.03142 0.86692 0.45419
0.34957 0.58576 0.62501
0.62014 0.17914 0.64134
0.23332 0.23468 0.17976
0.03706 0.44111 0.03371
-0.16413 0.30734 0.02398
0.41601 0.25356 0.92730
0.89371 0.60098 0.12677
0.24986 0.70950 0.27615
0.05001 0.06872 0.54139
0.36852 0.75788 0.87537
0.02714 0.22702 0.63392
0.80547 0.90999 0.97608
0.12215 0.98022 0.02586
0.38442 0.59723 0.21489
0.90739 0.15088 0.88338
0.46127 0.83040 0.16483
0.68094 0.49666 0.11288
0.65116 0.84586 0.34430
0.65025 0.65054 0.26761
1.02488 0.57806 0.00158
0.42894 0.52525 0.65612
0.39154 0.48555 0.14117
0.62468 0.35770 0.07717
0.01312 0.25834 0.38633
0.49879 0.26067 0.10403
0.64170 0.41420 0.56275
0.36845 0.90412 0.17570
0.20443 0.84731 0.93987
0.68988 1.34330 0.15272
0.51009 0.82445 0.38240
0.56829 0.18019 0.87704
0.66885 0.48362 0.38148
0.34714 0.67653 0.40030
0.93297 0.33513 0.41939
0.42376 0.78308 0.39869
0.95259 0.73565 0.64316
0.06080 0.41162 0.06517
0.79590 0.52141 0.79103
0.91334 0.25242 0.63423
0.79746 0.68394 0.03819
0.48420 0.88789 0.47578
1.35140 0.49787 0.85332
0.79443 0.13204 0.83857
0.70229 0.77149 0.03873
0.52041 0.80450 0.22594
0.42254 0.32912 0.45800
0.05256 0.05042 0.12836
0.15208 0.26662 0.77591
0.13016 0.64007 0.80195
0.75547 0.37885 0.33655
0.55391 0.38927 0.62904
0.33652 0.54372 0.54859
0.19229 0.37847 0.84149
0.53901 0.07105 0.73732
0.42978 0.24875 0.53362
0.58345 0.83394 0.54386
0.42409 0.57561 0.43823
-16.02454 -60.86054 0.53957
0.80699 0.69571 0.22873
0.86326 0.49143 0.39865
0.20787 0.95197 0.19479
0.80368 0.69168 0.14690
0.14974 0.39330 0.26682
0.83775 0.12820 0.38625
0.80184 0.07289 0.46557
0.30962 0.48720 0.77448
0.87011 0.61555 0.64109
0.12773 0.79081 0.63309
0.79137 0.82767 0.52853
0.53634 0.09913 0.01084
0.14226 0.11563 0.77759
0.79514 0.41323 0.07869
0.64175 0.87796 0.40656
0.19971 0.12243 0.74699
-15.36080 -0.15893 0.72385
0.97660 0.06661 0.88542
0.35381 0.21741 0.17325
0.07087 0.78842 0.82198
0.42726 0.35889 0.29759
0.91994 0.31518 0.84448
0.74918 0.52563 0.32680
-1.38825 1.51381 0.58843
0.94066 0.09566 0.10501
0.71891 0.81641 0.28175
0.61271 0.78012 0.33742
0.47297 0.38786 0.50264
0.33791 -0.25023 0.33299
0.61635 0.17295 0.65732
0.42168 0.29979 0.91821
0.16334 0.03797 0.51333
0.90942 0.73181 0.62974
0.35127 0.50610 0.05423
0.85588 0.90626 0.71859
-0.02594 1.18976 0.85531
0.46646 0.52967 0.08119
0.90720 0.78369 0.40634
0.52932 0.81355 0.74751
0.20323 0.11660 0.81507
0.14040 0.74708 0.56373
0.81692 0.77325 0.32393
0.55654 0.93394 0.11333
0.65658 0.19315 0.00285
0.62115 0.25392 0.02654
0.35744 0.68591 0.87405
0.27840 0.32398 0.50701
0.77880 0.56828 0.62882
0.70525 0.88788 0.28823
0.04555 0.13113 0.33584
0.36827 -0.09279 0.35110
0.77835 0.53254 0.51832
0.91679 0.10853 0.68706
0.86373 0.40124 0.35465
0.38294 0.43180 0.87819
0.31762 0.34102 0.18618
0.93240 0.13536 0.09398
0.36067 0.80148 0.02036
0.87856 0.45833 0.86308
0.50860 0.64433 0.55586
0.85240 0.62072 0.47537
0.50503 0.37900 0.05899
0.31775 0.84985 0.92829
0.34649 0.21278 0.32670
0.90810 0.83566 0.07408
0.00189 0.46470 0.07630
0.13884 0.72145 0.74490
0.86063 0.48936 0.45593
0.29962 0.22481 0.36232
0.35975 0.86147 0.51361
0.46759 0.50741 0.83412
1.56793 0.05779 0.50137
0.47905 0.59535 0.92750
0.49114 0.31469 0.43355
0.70204 0.33153 0.28627
0.35486 0.36323 0.89265
0.20074 0.40171 0.46464
0.66360 0.09547 0.71877
-0.13335 0.72209 0.91956
0.90344 0.77153 0.06473
0.97737 -3.17302 0.10809
0.60274 0.24786 0.65290
0.92405 0.60930 0.07663
1.38675 0.94194 0.09168
0.48336 0.80022 0.49715
0.05611 0.59708 0.36884
0.07199 0.17122 0.51048
0.22634 0.32894 0.33703
0.81180 0.85738 0.22756
0.41712 0.16273 0.11342
0.84565 0.62911 0.76023
0.02604 0.15816 0.51705
0.56701 0.09293 0.48634
0.29856 0.48482 0.83660
0.58354 0.48484 0.59244
1.30754 0.33578 0.84997
0.68904 0.73776 0.92787
0.26747 0.62669 0.61533
0.39604 0.94108 0.26325
0.54625 0.72074 0.62146
0.57690 0.42075 0.89575
0.94704 0.51828 0.28642
0.57642 0.16092 0.52383
0.93600 0.53254 0.88633
0.13949 0.88337 0.07602
0.54552 0.57775 0.51355
0.51418 1.04590 0.49635
0.20783 0.87437 0.44576
0.38143 0.96020 0.77198
0.40502 0.19856 0.00697
0.36061 0.50295 0.27832
0.70297 0.60763 0.79268
0.68576 0.40676 0.55764
0.98271 0.35312 0.86924
0.10073 0.09682 0.17014
1.03107 0.92696 0.38557
0.73937 0.29784 0.24998
0.64639 0.88713 0.63718
0.21249 0.44487 0.28445
0.83378 0.18285 0.32077
0.89636 0.20036 0.81048
0.82974 0.85848 0.21756
0.68633 0.31794 0.73746
-0.04919 0.70018 0.88016
0.15228 0.74242 0.88564
0.79850 0.82685 0.23654
0.10698 0.26313 0.94078
0.38594 0.85009 0.20271
0.11245 0.24334 0.06581
0.70891 0.32303 0.16410
0.10495 0.57090 0.07957
0.84960 0.98055 0.90841
0.69643 0.72615 0.95218
0.49075 0.38430 0.95975
0.92739 0.58424 0.74568
0.82340 0.71471 0.15065
0.87806 0.57223 0.47474
0.92064 0.09651 0.10403
1.26535 0.30301 0.56091
0.80843 0.47104 0.94623
0.69678 0.86681 0.64790
0.56159 0.91086 0.62452
0.07892 0.70223 0.51397
0.72369 0.12453 0.09452
0.65114 0.52799 0.59248
0.59999 0.52426 0.43044
17.02391 0.29476 0.55565
0.68485 0.18119 0.95824
0.25802 0.74894 0.60916
0.74882 0.45273 0.11830
0.47407 0.88611 0.47279
0.98086 0.94265 0.69945
0.92404 0.30500 0.08439
0.74616 0.33863 0.45008
-6.18093 -5.44532 0.92395
0.80373 0.09577 0.96250
0.66894 0.54417 0.42659
1.21632 0.06486 0.55903
0.16699 0.06264 0.48793
0.76305 0.17738 0.02469
0.75770 0.70968 0.49070
0.54259 0.48812 0.30324
0.73693 0.09701 0.37130
0.84105 0.18390 0.06321
0.14041 0.14126 0.44929
0.23979 0.22375 0.97450
0.27047 0.09490 0.95661
0.15593 0.66319 0.73752
0.86795 0.57037 0.95731
0.24005 0.31239 0.69981
0.49855 0.17270 0.78812
0.45743 0.80562 0.18349
0.42729 0.27711 0.88279
0.07929 0.45257 0.81440
0.98770 0.26577 0.72314
0.84726 0.74364 0.07089
0.04986 0.10011 0.04514
-89.62240 -12.70397 0.34778
0.45566 0.87452 0.26397
0.17913 0.51914 0.91706
0.38155 0.13485 0.47562
0.42002 0.91743 0.71069
0.49813 0.44158 0.83778
0.65004 0.06547 0.09127
0.58479 0.28282 0.26505
0.20189 0.23691 0.03884
0.86802 0.28842 0.64591
0.93244 0.15754 0.58665
-0.26108 0.83103 0.34068
0.07462 0.91224 0.11000
0.73255 0.68511 0.67099
0.69880 0.47069 0.82269
0.20500 0.34387 0.99544
0.06439 0.51932 0.92363
0.64441 0.10847 0.33078
0.15210 0.92365 0.20288
0.08738 0.94654 0.40996
0.05498 0.87358 0.81840
0.10196 0.20048 0.54169
0.62658 0.89464 0.31941
0.13087 0.85997 0.71499
0.16673 0.72670 0.63233
0.34611 0.53839 0.17794
0.11055 0.84235 0.96726
-0.42433 -0.31694 0.53257
0.67826 0.54295 0.65611
0.86899 0.49633 0.90933
0.38454 0.96625 0.06625
0.96675 0.33249 0.97286
0.71466 0.35826 0.76287
0.70129 0.75949 0.55400
0.22188 0.74770 0.40098
0.56355 0.68324 0.87618
0.89459 0.49780 0.76831
0.30843 0.45398 0.78326
0.68221 0.91353 0.29739
0.22100 1.00745 0.46395
0.58028 0.63561 0.38735
0.70901 0.43145 0.05814
0.62493 0.59349 0.55184
0.61180 0.35658 0.66961
0.62935 0.14609 0.64678
0.52259 0.36939 0.56093
0.86050 0.44184 0.54407
0.58799 0.85125 0.19419
0.76050 0.16129 0.28140
0.63365 0.16325 0.60901
0.63339 0.65048 0.68001
0.69466 0.20384 0.01530
0.73523 0.11557 0.44120
0.30807 0.20076 0.76147
1.92677 0.41902 0.36272
0.82441 0.65317 0.07586
0.88595 0.73284 0.88946
0.86054 0.29583 0.14848
0.44428 0.71760 0.60497
0.64898 0.39145 0.15759
0.95868 0.68994 0.40015
0.81823 0.76822 0.57587
0.08051 0.45494 0.25653
0.85953 0.24300 0.24341
0.39973 0.31924 0.43840
0.86701 0.41086 0.93997
0.44983 0.48121 0.07831
0.30759 0.51401 0.74788
0.05448 0.15099 0.22949
0.86005 0.29719 0.61793
0.94113 0.07817 0.84800
0.80943 0.84588 0.83196
0.71122 0.83521 0.04009
0.13868 0.63086 0.71794
0.91166 0.62016 0.24584
0.05649 0.95245 0.05411
0.18664 0.33721 0.92032
0.84481 0.12742 0.53164
0.68759 0.61927 0.81669
0.08543 1.10510 0.23402
0.50466 0.06591 0.39410
0.40447 0.39926 0.47262
0.76096 0.44215 0.55289
0.44428 0.11469 0.01640
0.50574 0.53944 0.58111
0.75176 0.19754 0.42227
0.56620 0.33205 0.68838
0.66608 0.84686 0.27875
0.73959 0.38351 0.05333
0.19643 0.11911 0.03837
0.08036 0.51359 0.95894
0.17238 0.08198 0.98113
0.91787 0.86035 0.41186
0.69387 0.80585 0.94068
0.88323 -0.35205 0.60299
0.75152 0.91431 0.97452
0.10895 0.94216 0.53858
0.81048 0.27960 0.70514
1.27498 0.43316 0.70415
0.19381 0.63404 0.04514
0.25332 0.74985 0.81898
0.08067 0.60700 0.27775
0.47539 0.05205 0.82202
1.22417 -0.43560 0.20846
0.75719 0.91610 0.80587
-0.09065 0.71916 0.78983
0.77332 0.27671 0.34579
0.81803 0.77155 0.55712
0.84020 0.85683 0.06960
0.47429 0.61098 0.08288
0.65033 0.52944 0.20931
0.68197 0.93394 0.04218
0.96199 0.66895 0.78175
0.83728 0.33716 0.07823
0.08597 0.67136 0.45753
0.21677 0.69852 0.33013
0.89627 0.93759 0.52848
0.49788 0.31578 0.72835
0.96922 0.67250 0.28828
0.55589 0.45068 0.32754
0.86641 0.50370 0.56850
0.95451 0.95087 0.55380
1.28749 0.41638 0.89017
0.60175 0.94614 0.45668
0.33110 0.79877 0.71130
0.29046 0.36919 0.66036
2.43161 -1.14270 0.62946
0.47185 0.31835 0.68010
0.65636 1.16588 0.03384
0.49557 0.17011 0.88401
1.13534 0.58841 0.89889
0.47352 0.80511 0.84042
0.92038 0.02928 0.00792
0.26254 0.38259 0.67750
0.55396 0.69511 0.07946
0.58181 0.84654 0.19059
0.14404 0.13982 0.73634
0.10239 0.95580 0.44748
0.12836 0.55968 0.14369
0.17980 -0.07983 0.23918
0.56363 0.34511 0.63253
0.67469 0.68255 0.87962
0.34163 0.61604 0.79457
0.48222 0.12540 0.60953
0.49126 0.41794 0.08191
0.93788 0.75919 0.15129
0.91681 0.21049 0.62178
0.73050 0.40152 0.36932
0.52448 0.27443 0.65859
0.97794 0.96184 0.69713
0.04184 0.87512 0.98309
0.59140 0.29998 0.03264
0.44063 0.27227 0.43493
0.82396 0.74985 0.32183
0.03654 0.05207 0.07651
0.21663 0.79365 0.43007
0.03606 0.20010 0.45381
0.68256 0.32511 0.12538
-0.04030 0.20969 0.83441
0.90999 0.35817 0.79103
0.74518 0.96045 0.40872
0.02470 0.16414 0.05760
0.44144 0.83252 0.81528
0.40731 0.62191 0.24318
0.33234 0.61217 0.53653
0.89070 0.14495 0.47206
0.77136 0.35497 0.10355
0.51746 0.25154 0.43144
0.84834 0.14259 0.27610
0.74389 0.68473 0.45410
0.69570 0.43178 0.52065
0.37413 0.42445 0.45360
0.67620 0.25460 0.70600
0.46237 0.13234 0.64099
0.38197 0.82416 0.30590
0.32181 0.85041 0.67875
0.03783 0.17868 0.16864
0.48654 0.89218 0.94706
0.72741 0.18439 0.73061
0.13172 0.91793 0.57147
0.65984 0.66373 0.78683
1.26383 -0.10580 0.46934
0.57623 0.42793 0.74064
0.33316 0.86710 0.66853
0.49664 0.88077 0.90076
0.44553 0.12362 0.31839
0.17851 0.15425 0.72003
0.63398 0.70241 0.59712
0.63049 0.86378 0.33625
0.05967 0.28110 0.46653
0.08545 0.10042 0.54651
0.74664 0.88988 0.20443
-0.83512 -0.78352 0.18362
0.25520 0.32445 0.84477
0.01613 0.89801 0.21219
0.41588 0.72969 0.26679
0.40801 0.76343 0.94727
0.51845 0.82589 0.04435
0.87674 0.15257 0.11552
0.45487 0.02782 0.17188
0.06646 0.17179 0.64716
0.86898 0.57931 0.56045
0.29080 0.56728 0.80255
0.13442 0.18078 0.31871
0.68790 0.41304 0.58866
0.07333 0.13803 0.60202
0.29050 0.80663 0.21317
0.79982 0.04758 0.99089
0.52354 0.10136 0.39066
0.94681 0.61087 0.73064
0.96611 0.48228 0.65835
0.22308 0.36845 0.97058
0.91842 0.96095 0.21113
0.69093 0.40630 0.43752
0.54166 0.05978 0.50269
0.18198 0.45170 0.37949
-1.44564 -2.03143 0.73586
0.84116 0.17206 0.49209
0.50333 0.13859 0.18511
0.39988 0.04757 0.48169
0.83082 0.88951 0.89556
0.39743 0.51731 0.11657
0.14491 0.38607 0.14947
0.08015 0.17892 0.01670
0.02472 0.45508 0.96513
0.63714 0.10497 0.05639
0.09891 0.45080 0.51394
0.33716 0.27568 0.85742
0.29978 0.56808 0.97296
0.52176 0.96186 0.10637
0.55001 0.31331 0.41197
0.32299 0.22480 0.52392
0.18384 0.69955 0.37624
0.56814 1.05917 0.09529
0.89493 0.35403 0.65689
0.63077 0.67152 0.79572
0.16556 0.61342 0.90562
-0.59502 -0.46622 0.84197
0.93031 0.20572 0.24118
0.95787 0.07899 0.33156
0.83998 0.23497 0.86831
0.28617 0.05122 0.83955
0.73262 0.21252 0.22935
0.13053 0.33875 0.80817
16.54656 -0.44259 0.67814
0.30487 0.80270 0.26353
0.98925 0.09862 0.22754
0.56613 0.49776 0.61992
0.40452 0.64051 0.34470
0.08131 0.88936 0.58944
0.10827 0.29886 0.37948
0.95447 0.10185 0.09240
0.43487 0.87183 0.99622
0.29233 0.30331 0.13582
0.08739 0.08026 0.91016
0.25527 0.36320 0.37148
0.82892 0.61389 0.20363
0.23547 0.65597 0.32528
0.82308 0.88581 0.68673
0.30718 0.58650 0.01612
0.94898 0.35946 0.37811
-1.74197 0.67775 0.77509
0.26415 0.30313 0.40073
0.83976 0.52620 0.30889
0.52472 0.90135 0.29241
0.07538 0.39513 0.62460
0.10894 0.10788 0.56417
0.21275 0.91483 0.67188
0.26953 0.35385 0.93169
0.38812 0.14226 0.70979
0.22003 0.43376 0.25422
0.51974 0.74353 0.51819
0.56234 0.30776 0.83833
0.99387 0.53360 0.39093
0.45493 0.69907 0.87226
0.56812 0.68538 0.80579
0.21763 0.85616 0.62929
0.47470 0.71569 0.49696
0.79171 0.71804 0.62370
0.77368 0.93128 0.59984
0.92780 0.76743 0.17072
0.65817 0.97016 0.88000
0.56754 0.63398 0.83789
0.90501 0.27143 0.09952
0.89202 0.50818 0.11601
0.84301 0.38363 0.25571
0.48890 0.10344 0.85632
0.40294 0.14697 0.55269
0.92753 0.83494 0.58104
0.56259 0.16875 0.26912
0.69602 0.69597 0.54444
0.79347 0.77209 0.81765
0.88665 0.42232 0.74531
0.87499 0.14944 0.41186
0.08187 0.72596 0.25042
0.28675 0.62661 0.94308
0.55974 0.83643 0.33082
0.05046 0.02936 0.66877
0.31374 0.55446 0.57367
0.76739 0.49578 0.44367
0.20717 0.44723 0.97875
0.45351 0.79722 0.88249
0.47214 0.76183 0.19747
0.13932 0.71450 0.65639
0.39027 0.62355 0.98948
0.26429 0.36532 0.19684
0.67125 0.14715 0.13827
0.37125 0.13694 0.67139
0.51234 0.45317 0.41834
0.88605 0.07242 0.62205
0.15601 0.80425 0.70488
0.19948 0.78479 0.44481
0.28365 0.62534 0.17418
0.83570 0.67499 0.97071
0.18405 0.15418 0.14203
0.89809 0.15689 0.43441
0.27794 0.83981 0.38404
0.86316 0.21474 0.11624
0.98703 0.61723 0.95188
0.29415 0.22212 0.24808
0.83451 0.85421 0.63069
0.10403 0.31135 0.92447
0.20802 0.90775 0.20361
0.69615 0.22142 0.41528
0.17953 0.03943 0.09007
0.60842 0.52609 0.04844
0.04980 0.08277 0.46490
0.18201 0.54621 0.76715
124.59225 -96.61451 0.35861
0.26121 0.53248 0.98261
0.37036 0.36379 0.97052
0.14552 0.46751 0.89386
0.38491 0.29554 0.81275
0.05922 0.41475 0.01002
0.67669 0.42156 0.14536
0.67071 0.68335 0.38205
0.06690 0.54807 0.53351
-0.49342 -0.29518 0.62822
0.89637 0.16093 0.53921
0.10127 0.27386 0.90575
0.32249 0.81759 0.08193
0.69504 0.74077 0.05177
0.79068 0.52483 0.67010
0.23399 0.89374 0.17993
0.60619 0.81253 0.55310
0.75349 0.80888 0.85715
0.30335 0.68308 0.90471
0.01216 0.23644 0.22870
0.42259 0.56168 0.30291
0.40768 0.10655 0.47770
0.82383 0.60664 0.33801
0.09487 0.40647 0.25766
0.67608 0.57893 0.90379
17.49319 62.24825 0.79142
-0.17954 6.32449 0.58700
0.91209 0.86011 0.90259
0.88427 0.22888 0.74722
0.28860 0.40911 0.05783
0.51075 0.20897 0.26912
0.51999 0.19743 0.44669
0.06036 0.26481 0.56125
0.95889 0.54628 0.42045
0.29281 0.95683 0.28792
0.19675 0.85456 0.76475
0.11951 0.32356 0.81939
0.94572 0.89534 0.54858
0.42853 0.90037 0.10184
0.07578 0.75812 0.85909
0.97416 0.26502 0.99085
0.45714 0.06476 0.39446
0.40936 0.45932 0.47662
0.10203 0.07189 0.84800
0.61672 0.33368 0.91580
0.58344 0.12157 0.74003
0.88467 0.46908 0.78437
0.16029 0.19245 0.04158
0.13693 0.53750 0.24127
0.30982 0.94348 0.60553
0.47002 0.70451 0.47814
0.17543 0.35173 0.09776
0.87093 0.97417 0.63505
0.65302 0.33079 0.15665
0.82396 0.26317 0.18719
0.62630 0.55967 0.35045
0.36302 0.29628 0.64465
0.71827 0.65057 0.24096
0.57458 0.03723 0.23122
0.43949 0.61616 0.46645
0.17709 0.74547 0.33938
0.13931 0.46327 0.01280
0.07918 0.70102 0.68893
0.43267 0.24383 0.51221
0.76748 0.95146 0.99879
0.43534 0.37425 0.19958
0.71537 0.88206 0.22897
0.80085 0.45847 0.08241
0.12268 0.83700 0.89841
0.30068 0.80985 0.74264
0.73849 0.48360 0.98374
0.31094 0.94418 0.49464
0.56864 0.25372 0.62613
0.61722 -0.46616 0.06811
0.66098 0.29444 0.06234
0.48687 0.41307 0.71662
0.80216 0.87350 0.17442
0.33387 0.80065 0.09440
0.73477 0.97469 0.62020
0.85186 0.31675 0.67657
0.62792 0.37235 0.40533
0.69643 0.88518 0.46344
0.44666 0.37998 0.17473
0.30646 0.75724 0.19738
0.69478 0.84705 0.62764
0.92234 0.42297 0.47194
0.78019 0.22335 0.00323
0.95929 0.12462 0.08655
0.94792 0.86409 0.52041
0.51398 0.78479 0.64208
0.88548 0.47318 0.27820
0.90084 0.80674 0.70962
-0.15427 -0.02466 0.10278
0.09646 0.31349 0.75400
0.51953 0.72641 0.56510
0.88728 0.70747 0.31328
-5.61649 1.73134 0.84972
0.84845 0.24887 0.35027
0.12318 0.35637 0.27194
0.76098 0.65385 0.68878
0.89693 0.12975 0.42093
0.84905 0.35688 0.49709
-0.00314 0.21068 0.73497
0.85743 0.27986 0.31581
-0.07637 0.55522 0.62305
0.26232 0.82285 0.01687
0.40865 0.80612 0.71518
0.58997 0.76281 0.92177
0.60997 0.95776 0.01669
0.53444 0.55533 0.12758
0.47560 0.24806 0.87045
0.71565 0.77784 0.35449
0.67122 0.14961 0.34414
0.21875 0.62719 0.26444
0.79998 -0.01894 0.90381
0.75295 0.14859 0.19053
0.90736 0.89667 0.59107
0.36512 0.78439 0.69651
0.11064 0.92343 0.45780
0.26928 0.08624 0.35937
0.15843 0.33748 0.58950
0.68027 0.74358 0.78161
0.88742 0.32231 0.06889
0.56051 0.38200 0.65635
0.89560 0.30494 0.89865
0.63763 0.87668 0.68733
0.04878 0.06403 0.54278
0.67635 0.09937 0.08708
0.56100 0.88876 0.85567
0.14926 0.56264 0.19820
0.37295 0.47919 0.29148
0.91308 0.35702 0.53318
-33.68477 -42.76910 0.33674
0.66095 0.67370 0.81144
0.96507 0.66416 0.42663
0.84093 0.95092 0.17133
0.04686 0.87562 0.06580
0.11419 0.89541 0.54732
0.60377 0.12841 0.22932
0.72478 0.37545 0.29701
0.31222 0.08737 0.71302
0.25398 0.41848 0.06609
0.01640 0.79485 0.18940
0.51691 0.18258 0.32622
0.06549 0.18952 0.91712
0.44218 0.86993 0.69425
0.37477 0.34729 0.73142
0.26576 0.87180 0.07332
0.41614 0.70733 0.21068
0.85306 0.62616 0.45603
0.17007 0.53092 0.39638
0.62991 0.06192 0.40971
-0.26194 0.85821 0.67966
0.94789 0.46264 0.55113
0.53831 0.16779 0.54899
0.13668 0.37452 0.89035
0.91350 0.50088 0.19135
0.85762 0.27630 0.93892
0.49712 0.87367 0.43292
0.47456 0.15376 0.91863
0.11649 0.71775 0.61860
0.65724 0.51097 0.60599
