0.04869 0.14795 0.70927
0.26296 0.85396 0.13581
0.67251 0.60347 0.99480
0.89607 0.16789 0.13771
0.53765 0.51508 0.65183
0.65411 0.67264 0.06739
0.79482 0.09159 0.33474
0.10577 0.56456 0.01372
0.17447 0.16330 0.81111
0.86348 0.27260 0.25092
0.11989 0.21664 0.63348
0.75582 0.06545 0.31549
0.53202 0.61153 0.21622
0.25664 0.55314 0.01730
0.13709 0.49436 0.06882
0.79831 0.78317 0.50260
0.11512 0.67003 0.50966
0.84177 0.92763 0.87759
0.19335 0.06696 0.72386
0.51169 0.61080 0.30589
0.62899 0.09091 0.44439
0.28127 0.76737 0.40186
0.29375 0.70967 0.34250
0.61248 0.06710 0.30593
0.69303 0.51460 0.32331
0.37434 0.76970 0.36187
0.92074 0.06327 0.33400
0.36076 0.10191 0.43065
0.59890 0.11446 0.01725
0.75584 0.57986 0.99773
0.46087 0.31815 0.36333
0.38605 0.98792 0.25046
0.96909 0.04169 0.38376
0.45894 0.58913 0.93021
0.06776 0.61177 0.32789
0.47007 0.93536 0.33115
0.93184 0.93482 0.03680
0.15750 0.78046 0.34207
0.93736 0.46879 0.75349
0.76313 0.93454 0.91890
0.37861 0.35986 0.45545
0.93995 0.78652 0.15511
0.08142 0.66504 0.07699
0.28619 0.11257 0.79846
0.45666 0.88736 0.69729
0.73323 0.96695 0.43996
0.19371 0.88677 0.41014
0.97853 0.78671 0.51357
0.61472 0.82478 0.26458
0.34613 0.76822 0.73328
0.14474 0.38631 0.47208
0.68689 0.94659 0.56361
0.84297 0.36532 0.25289
0.36554 0.26722 0.45128
0.76663 0.64165 0.42663
0.80655 0.19968 0.67484
0.21030 0.73758 0.71774
0.85151 0.07059 0.93488
0.63108 0.63819 0.62136
0.65456 0.62684 0.18695
0.46759 0.96455 0.41946
-21.23982 4.82953 0.05659
0.74908 0.55535 0.18769
0.10376 0.61330 0.54329
0.11352 0.05782 0.85953
0.23759 0.05527 0.33360
0.31073 0.23898 0.13840
1.04277 1.02334 0.70041
0.41239 0.26326 0.81981
-0.01629 0.49396 0.64849
0.36390 0.31801 0.44098
0.64719 0.83998 0.35446
0.32300 0.45961 0.59889
0.70041 0.52281 0.14082
0.56422 0.87411 0.43936
0.40501 0.57015 0.21208
0.34366 0.32964 0.16730
0.85653 0.15059 0.94432
0.03393 0.63399 0.16570
0.70797 0.55551 0.44989
0.67035 0.19982 0.03085
0.26826 0.93187 0.76367
0.33727 0.19122 0.53153
0.38116 0.02348 0.36383
0.68164 0.48274 0.73356
0.53887 0.09121 0.15968
0.10298 0.73272 0.81733
0.47363 0.29437 0.90577
0.62012 0.74259 0.01570
0.11230 0.72029 0.64287
0.80480 0.47958 0.94133
0.76852 0.15455 0.96883
0.63162 0.34550 0.04190
0.49430 0.15647 0.72356
0.95795 0.71333 0.45976
0.10280 0.03318 0.42672
0.17303 0.57893 0.26685
0.27162 0.78585 0.97875
0.04693 0.80404 0.88615
0.48585 0.57352 0.65640
0.17271 0.63345 0.24034
0.28227 0.53900 0.04590
0.49728 0.74021 0.93370
0.46644 0.16304 0.70331
0.49441 0.08353 0.24938
0.08255 0.65374 0.35806
0.11815 0.63020 0.34954
0.53680 0.15271 0.58577
0.82927 0.78664 0.51281
0.82837 0.55150 0.06792
0.53934 0.95493 0.60720
0.00440 0.62427 0.01159
0.53032 0.83302 0.34200
0.66346 0.88725 0.43543
0.49979 0.54342 0.97499
0.70546 0.80951 0.70403
0.29012 0.54186 0.47236
0.40549 0.11941 0.96451
0.72861 0.75082 0.86461
0.69140 0.63741 0.41096
0.42254 0.26041 0.98571
0.34629 0.48032 0.08748
0.73638 0.28323 0.97894
0.49246 0.50856 0.59656
0.76518 0.49100 0.96576
0.17433 0.93505 0.09258
0.93012 0.31551 0.54404
0.59161 0.36085 0.56273
0.49216 0.20797 0.06695
0.80416 0.88476 0.28958
0.10556 1.73341 0.51293
0.43889 0.25664 0.23583
0.73796 0.28637 0.41378
-19.84605 -1.64467 0.29430
0.97034 0.10232 0.47574
0.80847 -0.88299 0.93107
0.62201 0.37608 0.58797
0.95053 0.97635 0.31751
0.39293 0.93198 0.07278
0.94294 0.64516 0.11816
0.62044 0.32897 0.49488
0.31793 0.63621 0.18879
0.31018 0.16117 0.20325
0.17716 0.79328 0.27734
0.47406 0.55725 0.85598
0.19064 0.06187 0.03835
0.36020 0.89057 0.67984
0.63968 0.41090 0.61241
0.66740 0.45765 0.34715
0.29158 0.05500 0.03029
0.34926 0.85522 0.09339
0.81192 0.70396 0.53679
0.41417 0.57224 0.60066
0.44074 0.24695 0.55356
0.69278 0.36399 0.57312
0.18115 0.55693 0.07338
0.36553 0.42437 0.19028
0.52511 0.92018 0.59928
0.81144 0.04259 0.34236
0.15776 0.18195 0.31508
0.08696 0.39440 0.64941
0.90036 0.48050 0.39116
0.52483 0.88856 0.21937
0.08900 0.72570 0.42681
0.50136 0.89134 0.90241
0.37993 0.02789 0.11583
0.11903 0.03257 0.28641
0.38000 0.38360 0.50649
0.84699 0.03694 0.71497
0.25484 0.27930 0.88508
0.50892 0.70582 0.26216
0.82350 0.78898 0.10988
0.82526 0.26439 0.93709
0.50380 0.81251 0.93131
0.12657 0.50679 0.04472
0.52203 0.21965 0.93645
0.46796 0.78028 0.91796
0.83100 0.37442 0.87437
0.87446 0.63167 0.29801
0.05274 0.86429 0.65997
0.55733 0.18303 0.68291
0.90749 0.25652 0.05328
0.06023 0.90542 0.15574
0.72009 0.37452 0.51721
0.15756 0.64264 0.78738
0.41896 0.75869 0.53296
0.29045 0.86375 0.16713
0.71769 0.58385 0.51687
0.63352 0.50998 0.52232
0.96717 0.58817 0.84253
0.94092 0.21824 0.78835
0.60462 0.11462 0.45428
0.31760 0.03428 0.04866
0.08373 0.12626 0.97608
0.23617 0.80165 0.09906
0.66393 0.69789 0.92196
0.04526 0.20235 0.33206
0.80080 0.77068 0.31561
0.89119 0.46795 0.82822
0.04862 0.73347 0.27392
0.38354 0.72063 0.25702
0.83005 0.35131 0.96587
34.35672 44.31446 0.21719
0.78352 0.21826 0.31858
0.43505 0.15537 0.04789
0.89031 0.68541 0.51888
0.71686 0.08816 0.01289
0.99321 0.06655 0.40802
0.32016 0.63183 0.97100
0.27887 0.57405 0.38658
0.46326 0.72869 0.16551
0.40462 0.53073 0.72773
0.12362 0.66773 0.28411
0.47765 0.39612 0.83301
0.35987 0.66569 0.76216
0.41207 0.76962 0.63911
0.68132 0.40510 0.97925
0.42401 0.45640 0.33554
0.86865 0.20302 0.48282
0.28555 0.36733 0.91444
0.91319 0.86859 0.50733
0.48784 0.58655 0.20796
0.39875 0.08205 0.53983
0.11263 0.86329 0.86787
0.07675 0.88066 0.80447
0.73425 0.53160 0.49917
0.21055 0.59084 0.12029
0.60605 0.86167 0.67283
0.95485 0.41720 0.58421
0.42049 0.59511 0.32584
0.99482 0.82061 0.37843
0.94715 0.14651 0.30072
0.97269 0.92839 0.54555
0.47227 0.30350 0.98719
1.25325 0.29179 0.48996
0.80183 0.23949 0.61419
0.41041 0.64002 0.29130
0.13425 0.55979 0.69888
0.46782 0.16591 0.60046
0.63579 0.08706 0.80374
0.32836 0.48702 0.78754
0.13204 0.09201 0.53596
0.43538 0.22559 0.70222
0.88548 0.18846 0.88149
0.57491 0.38527 0.98361
0.60099 0.83651 0.79059
0.48652 0.16059 0.38698
0.05961 0.82480 0.15022
0.47790 0.18599 0.84636
0.43849 0.80952 0.90405
0.63731 0.58671 0.17242
0.85238 0.53570 0.24870
0.82138 0.21589 0.86193
0.44307 0.48264 0.27363
0.34752 0.53268 0.50183
0.72125 0.58700 0.48620
0.42552 0.13594 0.35118
0.67745 0.31943 0.08130
0.49359 0.48621 0.10927
0.57215 0.50173 0.77790
0.83579 0.87242 0.58616
0.47792 0.41666 0.80233
0.27207 0.27380 0.04342
0.76097 0.93953 0.87476
0.71711 0.42397 0.85632
0.24030 0.42884 0.13670
0.72304 0.28262 0.59937
0.13904 0.87451 0.34108
0.46170 0.89740 0.85345
0.78549 0.12908 0.02310
0.02503 0.59577 0.23172
0.55716 0.86827 0.86829
0.24099 0.96361 0.94117
0.28174 0.25147 0.76593
0.13168 0.08182 0.75012
0.16899 0.43503 0.29396
0.61955 0.13801 0.79222
-0.30333 1.88835 0.52591
0.95745 0.43206 0.70836
0.27252 0.59221 0.17817
0.64332 0.87139 0.90789
0.82243 0.43417 0.97311
0.87280 0.66579 0.03523
0.49495 0.10673 0.35815
0.49538 0.09620 0.08015
0.05979 0.59181 0.14931
0.38167 0.65773 0.13673
0.83004 0.06612 0.02072
0.36276 0.60434 0.72411
0.29099 0.26740 0.05171
0.28295 0.58550 0.40991
0.97255 0.74227 0.83953
0.77425 0.68045 0.94763
0.12582 0.91747 0.89085
0.11464 0.19212 0.06270
0.80436 0.94393 0.37632
0.47311 0.94235 0.09084
0.94229 0.58070 0.42440
0.10702 0.13168 0.88834
0.15429 0.91934 0.95624
0.65145 0.22321 0.05186
0.12475 0.51619 0.18021
0.92864 0.88817 0.76321
0.92165 0.06201 0.08955
0.89191 0.45792 0.51795
0.16768 0.75766 0.02704
0.30922 0.29507 0.06000
0.46867 0.42060 0.46930
0.66382 0.38949 0.23814
0.48245 0.13520 0.65127
0.58596 0.76095 0.05115
0.14359 0.85052 0.80593
0.26602 1.03994 0.29928
0.39600 0.85818 0.14983
0.33819 0.80527 0.31749
0.69422 0.77484 0.67285
0.92091 0.04523 0.53640
0.54342 0.38954 0.51003
0.64828 0.55604 0.68297
0.71776 0.55025 0.26949
0.43624 0.95524 0.70195
0.08268 0.90472 0.11214
0.89346 0.48509 0.86768
0.91042 0.15558 0.70082
0.23986 0.22251 0.03939
0.64991 0.12413 0.73337
0.28860 0.17393 0.77753
0.04182 0.71884 0.23390
0.88752 0.01645 0.80278
0.80827 0.28759 0.72092
0.37841 0.07278 0.93765
0.09735 0.93455 0.68329
0.91154 0.68136 0.13170
0.40465 0.94434 0.39518
0.89434 0.60914 0.68560
0.57587 0.65354 0.61663
0.14048 0.15299 0.62196
0.44892 0.33917 0.19260
0.83669 0.16892 0.74244
0.75654 0.61482 0.45771
0.08847 0.78650 0.25291
0.45933 0.39796 0.81686
0.61483 0.51653 0.55528
0.11112 0.44370 0.16585
0.63456 0.37664 0.24957
0.99353 0.38922 0.43011
0.82386 0.64212 0.44470
0.22246 0.36827 0.51225
0.62696 0.79215 0.80199
0.71406 0.32586 0.69665
0.92919 0.87153 0.58070
0.83120 0.17706 0.97283
0.38687 0.71946 0.63759
0.83469 0.84179 0.79864
0.28934 0.60210 0.95202
0.70061 0.32023 0.42458
0.13725 0.35963 0.37943
0.33691 0.22392 0.49980
0.94415 0.57288 0.01864
0.05076 0.71114 0.20814
0.33645 0.10657 0.06648
0.15728 0.30917 0.10180
0.94450 0.76174 0.08541
0.85130 0.58587 0.02064
0.50830 0.08646 0.87366
0.30492 0.52681 0.17975
0.86971 0.18004 0.84387
0.42932 0.82860 0.52650
0.49459 0.24677 0.94059
0.06357 0.69238 0.90346
0.13687 0.27977 0.81188
0.29971 0.71517 0.57696
0.58994 0.97398 0.89197
0.35414 0.87146 0.37044
0.43410 0.23013 0.01678
0.61360 0.62104 0.21340
0.90796 0.27860 0.16097
0.26354 0.32767 0.62615
1.01813 0.76732 0.81481
0.61329 0.29443 0.75586
0.08674 0.76851 0.84366
0.44785 0.31580 0.95677
0.04747 0.96711 0.00726
0.22308 0.68614 0.66728
0.28057 0.89066 0.89294
0.04788 0.57819 0.52879
0.32320 0.93164 0.21940
0.51122 0.93763 0.88311
0.82786 0.88112 0.98359
0.05168 0.83725 0.15657
0.89340 0.69254 0.15812
0.47514 0.13569 0.70752
0.73764 0.55096 0.24911
0.93462 0.35696 0.01160
0.02054 0.12087 0.21503
0.69145 0.37126 0.03038
0.64506 0.24792 0.89810
0.37011 0.51100 0.66644
0.61968 0.11298 0.41467
0.47597 1.02059 0.49680
0.93748 0.57818 0.25390
0.26025 0.55007 0.46308
0.55291 0.95697 0.18089
0.90929 0.97445 0.71846
0.95513 0.15893 0.85224
0.76244 0.61206 0.54040
0.47083 0.99772 0.98650
0.45808 0.17981 0.44184
0.91231 0.76154 0.29128
0.43714 0.42503 0.34825
0.30488 0.60384 0.19144
0.14701 0.72404 0.48136
0.75003 0.99229 0.16575
0.03375 0.12777 0.74684
0.49006 0.55271 0.78749
0.68092 0.44614 0.69445
0.70743 0.76990 0.66204
0.29327 0.39593 0.49612
0.96476 0.20245 0.88064
1.07783 1.12568 0.41517
0.65632 0.71662 0.02833
0.42410 0.90825 0.60209
0.46710 0.92392 0.20345
0.72889 0.69417 0.14980
0.84697 0.68189 0.57268
0.95258 0.71452 0.97874
0.95313 0.90309 0.44266
0.61803 0.65562 0.45141
0.20354 0.28238 0.68347
1.19755 0.66810 0.22727
0.78026 0.49164 0.87650
0.74539 0.66797 0.57806
0.43455 0.67471 0.29712
20.68566 2.91143 0.61344
0.16509 0.66454 0.89004
0.07807 0.86286 0.19400
0.69540 0.33394 0.58085
0.23144 0.04912 0.73762
0.69623 0.50756 0.87288
0.61484 0.34530 0.06464
0.28920 0.20955 0.99450
0.51516 0.91474 0.78364
0.81168 0.53902 0.71555
0.19613 0.71689 0.51127
0.31255 0.14269 0.92281
0.07428 0.84606 0.37985
0.60637 0.15236 0.84005
0.18665 0.92287 0.75387
0.28391 0.11851 0.36387
0.33689 0.68890 0.45253
0.04265 0.05508 0.29725
0.56484 0.73464 0.47326
0.53681 0.67397 0.27614
0.75740 0.04271 0.18839
0.72647 0.13554 0.52603
0.95477 0.31218 0.09838
0.78124 0.32953 0.86184
1.03931 0.39006 0.72774
0.71429 0.13315 0.64270
0.82950 0.82296 0.91634
0.51201 0.83686 0.41023
0.13040 0.59982 0.73352
0.60562 0.13443 0.56816
0.48582 0.52244 0.02573
0.81193 0.83974 0.50659
0.73380 0.17773 0.45165
0.40920 0.80001 0.12351
0.09393 0.16841 0.17846
0.35468 0.86838 0.81157
0.05628 0.61546 0.94042
0.11525 0.51920 0.74202
0.08425 0.08983 0.55844
0.35648 0.49255 0.96681
0.81977 0.43889 0.02691
0.84793 0.16805 0.90434
0.46162 0.21502 0.78817
0.71309 0.16902 0.33675
0.05676 0.62776 0.05522
0.49400 0.91414 0.94901
0.86105 0.18662 0.57333
0.12542 0.71485 0.61588
0.03012 0.08354 0.25573
0.37905 0.09833 0.66723
0.71539 0.33981 0.11580
0.62577 0.41039 0.92089
0.38072 0.08788 0.14778
0.71495 0.06011 0.96529
0.56260 0.31648 0.54877
0.67963 0.60568 0.81186
0.37586 0.96595 0.50888
0.89485 0.59494 0.21372
0.61354 0.74852 0.16831
0.32267 0.73018 0.72632
0.20338 0.29458 0.72400
0.19848 0.42388 0.09128
0.11648 0.44135 0.13901
0.14431 0.80569 0.00423
-20.45648 20.60033 0.11959
0.77105 0.05157 0.23760
0.22422 0.23944 0.30289
0.84523 0.11112 0.00486
0.46150 0.86880 0.91600
0.61342 0.97632 0.09388
0.46451 0.58869 0.07819
0.48822 0.09186 0.13397
0.66445 0.83534 0.46207
0.37012 0.69347 0.58726
0.71509 0.24451 0.81211
0.53328 0.19812 0.03971
0.73454 0.85628 0.65162
0.47700 0.92547 0.08055
-0.12463 2.08072 0.97522
0.67083 0.89382 0.38882
0.83522 0.52877 0.57491
0.53707 0.32727 0.78431
-0.01626 0.50106 0.81224
0.82185 0.53623 0.45773
0.91849 0.30532 0.01091
0.81156 0.92645 0.51824
0.81057 0.04436 0.39004
0.63938 0.05539 0.29958
0.16362 0.85879 0.83385
0.81110 -0.29741 0.15787
0.69473 0.21575 0.97838
0.23874 0.06207 0.43996
0.07064 0.81973 0.67491
0.57000 0.35923 0.15485
1.06883 0.35367 0.63232
0.81859 0.84193 0.74227
0.33221 0.01761 0.13245
0.26177 0.35170 0.13261
0.21835 0.86377 0.56792
-0.08709 0.81514 0.09287
0.79082 0.49723 0.66628
0.95783 0.91259 0.48810
0.93780 0.28284 0.20960
0.51346 0.92545 0.36035
0.65744 0.37780 0.13805
0.78944 0.19422 0.43216
0.57944 0.40589 0.84713
0.79920 0.46187 0.17950
0.55893 0.33123 0.73956
0.32739 0.56190 0.27039
0.05180 0.57037 0.21449
0.45539 0.81535 0.09723
0.16941 0.89977 0.02574
0.51090 0.94450 0.25494
0.27333 0.44234 0.30054
0.42158 0.20729 0.63242
0.62211 0.32864 0.55130
0.96414 0.91202 0.98887
0.76861 0.72586 0.49751
0.13781 0.15443 0.77625
-0.04858 -0.44939 0.00795
0.59161 0.39291 0.20900
0.62230 0.03697 0.65987
0.58761 0.52743 0.07296
0.83181 0.67020 0.37586
0.13012 0.74383 0.66489
1.02165 0.38919 0.71988
0.33778 0.66300 0.19283
0.12998 0.59590 0.69509
0.88074 0.29900 0.69106
0.01974 0.61806 0.17105
0.70940 0.19730 0.51902
0.60064 0.69504 0.48516
0.89173 0.10619 0.17043
0.03920 0.26382 0.90286
0.12303 0.54660 0.80807
0.39246 0.03141 0.48345
0.62474 0.81807 0.78283
0.03735 0.61352 0.83342
1.04091 -0.32157 0.61164
0.39860 0.75331 0.30016
0.16078 0.81401 0.11773
0.56815 0.02726 0.48484
0.68199 0.53612 0.94885
0.93062 0.54815 0.57141
0.73689 0.71463 0.01391
0.51720 0.82286 0.54263
0.38081 0.23070 0.98331
0.54603 0.49040 0.62025
0.09993 0.58884 0.01473
0.04882 0.15868 0.35626
0.07300 0.42583 0.56221
0.58217 0.77426 0.97448
0.74829 0.36119 0.11547
0.76053 0.69376 0.60976
0.57939 0.44108 0.07827
0.39163 0.49328 0.82340
0.39237 0.29658 0.08986
0.48159 0.70103 0.97535
0.31299 0.14920 0.44232
0.13753 0.38751 0.24436
0.59345 0.18096 0.13645
0.56571 0.31724 0.47710
0.17940 0.80834 0.92141
0.28652 0.69054 0.46474
4.46161 3.28540 0.95682
0.77313 0.09215 0.20224
0.43747 0.90357 0.99772
0.78472 0.03358 0.99371
0.47206 0.74552 0.51470
0.23645 0.05691 0.48858
0.16694 0.60796 0.46654
0.38280 0.22347 0.88784
0.03847 0.37941 0.39774
0.31564 0.07348 0.19122
0.31220 0.48085 0.73220
0.13514 0.66310 0.63092
0.25038 0.87654 0.61326
0.79489 0.05894 0.65472
0.73858 0.07825 0.70708
0.68594 0.52437 0.62289
0.52052 0.77574 0.16647
0.50251 0.73674 0.32044
0.82940 0.61040 0.03870
0.04982 0.89291 0.84578
0.73071 0.80282 0.75788
0.55324 0.67195 0.28895
0.83773 0.86993 0.20945
0.44216 0.62935 0.80858
0.79057 0.41578 0.14962
0.51025 0.72502 0.10779
0.14617 0.77654 0.39274
0.77647 0.30945 0.61088
0.81892 0.71521 0.48939
0.41063 0.50034 0.71280
0.48076 0.87383 0.58198
0.99386 0.10667 0.16268
0.64607 0.90180 0.83014
0.60031 0.87769 0.62435
0.18510 0.16112 0.35892
0.20138 0.34538 0.64135
0.69213 0.25529 0.47663
0.46373 0.60410 0.49191
0.84116 0.72251 0.84118
0.80177 0.09234 0.16002
0.52729 0.38084 0.27573
0.84943 0.05247 0.98992
0.32923 0.67405 0.86419
0.46095 0.53901 0.89636
0.96683 0.12562 0.18350
0.86205 0.54705 0.03485
0.46469 0.07972 0.24388
0.26445 0.11392 0.28352
0.57935 0.41245 0.39703
0.91165 0.56253 0.98292
0.70069 0.50229 0.48997
0.16521 -0.25288 0.82388
0.71480 0.87199 0.71600
0.29404 0.58432 0.06763
0.77792 0.08295 0.15867
0.03100 0.45462 0.89390
0.49084 0.13363 0.91086
0.20680 0.25088 0.43169
0.06500 0.95606 0.85353
0.89912 0.86457 0.23479
0.75481 0.88560 0.99417
0.35835 0.47088 0.56530
0.86256 0.91743 0.67206
0.25410 0.92126 0.86253
0.28485 0.19850 0.46522
0.43948 0.06876 0.76648
0.65014 0.70069 0.76167
0.77849 0.06267 0.94781
0.73851 0.06527 0.13555
0.28675 0.64767 0.04668
0.11467 0.50820 0.19953
0.72775 0.76521 0.44076
0.02641 0.23132 0.56353
0.11274 0.94446 0.64750
0.48837 0.44521 0.10891
0.17178 0.72031 0.82423
0.18053 0.34360 0.62697
0.43088 0.68210 0.47559
0.31145 0.54085 0.35038
0.36617 0.46752 0.06489
0.24247 0.54367 0.63389
0.54043 0.06589 0.03349
0.79312 0.30505 0.67136
0.38220 0.69521 0.61789
0.19459 0.76661 0.97772
0.66923 0.21562 0.07266
0.38767 0.69294 0.27339
0.01662 0.22745 0.62116
0.86986 0.94452 0.72267
0.94734 0.40938 0.06142
0.84907 0.04586 0.01036
0.04305 0.40741 0.88319
0.30355 0.35773 0.96029
0.19189 0.36280 0.64863
0.05736 0.14414 0.96975
0.58853 0.56848 0.15620
0.74020 0.65700 0.06931
0.41815 0.67786 0.31925
0.42716 0.59782 0.11442
0.24945 0.21541 0.67063
0.79448 0.09268 0.30313
0.53576 0.26256 0.74419
0.60284 0.35844 0.28851
0.52546 0.15721 0.67760
0.61798 0.69370 0.86350
0.13968 0.41049 0.57957
0.35464 0.59429 0.66350
0.14443 0.71246 0.61170
0.29214 0.73703 0.03555
0.20322 0.92339 0.82047
0.99742 0.25079 0.46726
0.16030 0.50862 0.23319
0.45284 0.31318 0.57986
0.61832 0.12645 0.64867
0.76926 0.21604 0.85002
0.42110 0.14559 0.40476
0.13025 0.61659 0.17292
0.10670 0.21401 0.20345
0.85162 0.15751 0.08116
0.49970 0.41258 0.43642
0.32432 0.91601 0.73239
0.29515 0.81437 0.69020
0.86399 0.41760 0.61927
0.85510 0.05681 0.40173
2.10453 0.99736 0.99209
0.03770 0.92233 0.91973
0.29587 -0.45840 0.22178
0.68429 0.39070 0.11766
0.41472 0.21825 0.84780
0.09921 0.05305 0.98332
0.93748 0.08635 0.57637
0.26058 0.10543 0.01328
0.03191 0.10053 0.70535
-0.48230 -0.14553 0.56952
0.21289 0.70762 0.68802
0.31517 0.66493 0.24292
0.79690 0.85594 0.06098
-1.08386 -0.47615 0.83622
0.94321 0.62658 0.90956
0.51784 0.71081 0.41992
0.90545 0.96355 0.95684
0.70489 0.36238 0.63127
0.85869 0.71247 0.18822
-1.50850 0.50235 0.24792
0.53070 0.42448 0.54313
0.50048 0.75415 0.90450
0.18535 0.91524 0.94126
0.70573 0.79196 0.25631
0.35960 0.31127 0.71031
0.48731 0.43955 0.61716
0.71402 0.16957 0.86031
0.12658 0.31112 0.58140
0.67692 0.57625 0.43094
0.80476 0.13009 0.80146
0.31636 0.89486 0.80480
0.30638 0.47136 0.94822
0.48392 0.10163 0.96593
0.57423 0.18882 0.58824
0.90979 0.79000 0.40557
0.34440 0.07468 0.85488
0.96098 0.04162 0.99096
0.63678 0.14432 0.17824
0.69516 0.03326 0.51017
0.25518 0.20448 0.31456
0.30977 0.57167 0.09790
0.78719 0.80239 0.81161
0.03397 0.01811 0.92818
0.40227 0.38819 0.38082
0.39615 0.35161 0.86325
0.87856 0.63563 0.78026
0.73041 0.54497 0.10260
0.51637 0.91455 0.12945
0.78734 0.74576 0.02347
0.11746 0.34904 0.41567
0.88027 0.18965 0.96436
0.73442 0.96317 0.85000
0.39762 0.56262 0.25403
0.21163 0.07727 0.52060
0.82377 0.93126 0.94605
0.75152 0.41321 0.66563
0.41546 0.35401 0.60005
0.04558 0.47413 0.77752
0.68157 0.50887 0.60778
0.17405 0.58689 0.47827
0.74945 0.09325 0.86257
0.06206 0.94460 0.61750
0.11659 0.93277 0.54568
0.70863 0.50965 0.72743
-0.76429 -0.98655 0.41168
0.96829 0.03787 0.31789
0.65284 0.19036 0.00948
0.74024 0.08006 0.81840
0.12096 0.19720 0.13702
0.96431 0.05779 0.85699
0.99034 0.99771 0.30381
0.33174 0.37365 0.14161
0.71172 0.55350 0.22618
0.95470 0.31095 0.07697
0.63842 0.79781 0.22873
0.23509 0.39042 0.61936
0.79616 0.88986 0.76054
1.20492 0.38890 0.95363
0.51127 0.15241 0.34541
0.50340 0.85750 0.15618
0.91802 0.79426 0.88950
0.19916 0.18161 0.56958
0.00335 0.56914 0.39681
0.26158 0.51864 0.58138
0.78422 0.29745 0.15598
0.34350 0.57242 0.83259
0.93666 0.68303 0.50389
0.48692 0.11569 0.86296
0.94699 0.85933 0.78883
0.53679 0.65965 0.36814
0.37897 0.93666 0.43472
0.55385 0.56839 0.48667
0.09198 0.77116 0.48690
0.09905 0.08320 0.73617
0.84403 0.09643 0.81944
0.36418 0.90023 0.21722
0.49802 0.61195 0.66773
0.29908 0.45009 0.62846
0.98974 1.12088 0.24647
0.50077 0.48857 0.48413
0.32540 0.67143 0.83450
0.90275 0.20474 0.31112
0.11409 0.62471 0.96986
0.87422 0.12193 0.12183
0.81107 0.94709 0.41462
0.32555 0.93854 0.63770
0.29215 0.83520 0.19833
0.39549 0.87683 0.23532
0.16140 0.86205 0.69331
0.90794 0.75093 0.30766
0.21883 0.03225 0.49007
0.03832 0.42064 0.57852
0.76514 0.19420 0.11801
0.44756 0.46910 0.64654
0.47104 0.43213 0.12039
0.55898 0.07463 0.14057
0.53135 0.13467 0.27012
0.13463 0.19143 0.30144
0.65607 0.92009 0.39710
0.49023 0.24810 0.13981
0.80369 0.36034 0.62703
0.15578 0.38327 0.29639
0.67735 0.42836 0.62710
0.65495 0.30115 0.94512
0.72932 0.11253 0.26006
0.27574 0.69030 0.27724
0.80387 0.80527 0.33638
0.51607 0.81952 0.16528
0.30024 0.33583 0.91850
0.07245 0.27456 0.27954
0.51655 0.17284 0.25044
0.17447 0.86398 0.35821
0.08663 0.26427 0.47626
0.37032 -0.05081 0.47370
0.77331 0.80988 0.12278
0.71387 0.53816 0.73244
0.65454 0.72588 0.95760
0.47584 0.52485 0.33764
0.44339 0.37843 0.69243
0.52782 0.80388 0.68017
0.27240 0.77257 0.14559
0.39069 -0.39615 0.75956
0.50445 0.63491 0.28188
0.51972 0.63448 0.54149
0.40524 0.80436 0.24464
0.04889 0.41368 0.27848
0.38100 0.15769 0.79551
0.85401 0.42668 0.01864
0.84978 0.10882 0.32375
0.94067 0.73194 0.69372
0.36648 0.23495 0.72964
0.58651 0.53027 0.57609
0.67323 0.50957 0.36198
0.29570 0.47997 0.43833
0.83422 0.52153 0.87124
0.40021 0.95082 0.36797
0.45468 0.26157 0.89269
0.29747 0.79821 0.37923
0.67717 0.85229 0.16189
0.71524 0.54787 0.58484
0.56430 0.54788 0.57628
0.69842 0.08375 0.63981
0.08898 0.23018 0.89100
0.41469 0.60225 0.24495
0.04151 0.16272 0.67458
0.62220 0.81578 0.75662
0.05857 0.45787 0.81067
0.67835 0.51059 0.70241
0.16856 0.44081 0.04344
1.69160 0.29675 0.45361
0.96197 0.57614 0.07587
0.18853 0.03108 0.22078
0.43224 0.90676 0.85253
0.49200 0.89872 0.27565
0.10552 0.60802 0.25760
0.42760 0.55906 0.37533
0.46268 0.24366 0.14925
0.48943 0.56474 0.44468
0.89102 0.77849 0.60857
0.45280 0.95595 0.47141
0.72783 0.44978 0.79582
0.34732 0.85424 0.04736
0.94576 0.54319 0.20239
0.76272 0.58896 0.19802
8.00780 -6.27616 0.24828
0.75303 0.73381 0.20273
0.95433 0.21105 0.02818
0.41543 0.24680 0.91163
0.29163 0.02050 0.63115
0.30579 0.72050 0.60231
0.90678 0.21483 0.15612
0.04026 0.41748 0.13030
0.61371 0.59966 0.61385
0.11182 0.20625 0.17866
0.89612 0.29502 0.07471
0.32823 0.83879 0.79312
0.78838 0.10168 0.09382
0.55677 0.47969 0.28825
0.95087 0.24542 0.41412
0.77607 0.52970 0.59269
0.81671 0.28877 0.96749
0.77713 0.70703 0.70265
-2.25078 0.71984 0.89159
0.12167 0.95561 0.99350
-0.01434 0.88573 0.16376
0.78752 0.79265 0.84594
0.26329 0.70489 0.50851
0.07892 0.33046 0.12374
0.90425 0.34794 0.56557
0.58668 0.21270 0.38962
0.47792 0.85992 0.56124
0.75449 0.04667 0.51057
0.71859 0.74311 0.99539
0.62894 0.48544 0.96585
0.45795 0.56610 0.64837
0.21145 0.86651 0.09969
0.05442 0.42044 0.10989
0.41597 0.74422 0.90202
0.53529 0.07550 0.69325
0.04668 0.43070 0.71957
0.61948 0.34571 0.06051
0.85820 0.75000 0.23488
0.85436 0.03353 0.97489
0.68407 0.26271 0.91731
0.55129 0.90293 0.76484
0.36687 0.53225 0.74529
0.75329 0.06421 0.52805
0.36601 0.37202 0.84707
0.95636 0.34689 0.42429
0.04892 0.91626 0.13239
0.56476 0.64770 0.52423
0.28709 0.68871 0.29301
0.94962 0.66510 0.80563
0.64061 0.10875 0.11730
0.42318 0.52654 0.88009
0.78588 0.37239 0.92777
0.40748 0.84880 0.50854
0.43684 0.02822 0.60099
0.44084 0.95424 0.50710
0.03343 0.23288 0.46393
0.33410 0.65462 0.54522
0.47548 0.72864 0.79000
0.08719 0.72428 0.38091
0.72920 0.59617 0.90913
0.45479 0.95578 0.88368
0.21618 0.20886 0.76789
0.70014 0.91859 0.64596
0.13657 0.24103 0.78557
0.36029 0.53878 0.48548
0.60834 0.26726 0.25532
0.36655 0.40512 0.69544
0.59211 0.37215 0.64901
-0.64884 3.58037 0.58138
0.61746 0.93489 0.90138
0.32771 0.85666 0.24326
0.27159 0.70271 0.57404
0.23527 0.69542 0.73021
0.95565 0.22154 0.00463
0.42634 0.27623 0.90213
0.89291 0.44717 0.68771
0.53229 0.13572 0.31821
0.17052 0.25846 0.18773
0.72465 0.07871 0.85926
0.47664 0.40740 0.20145
0.42311 0.31945 0.76936
0.89368 0.55077 0.45744
0.81944 0.57736 0.35716
0.55419 0.84617 0.26530
0.52854 0.25121 0.24200
0.41596 0.57205 0.09154
0.95513 0.92942 0.28914
0.92281 0.57831 0.04823
0.33572 0.47646 0.83432
0.66459 0.73332 0.80917
0.59175 0.55489 0.10079
0.41718 0.72517 0.69500
0.45656 0.18962 0.45738
0.26096 0.42537 0.38509
0.58729 0.47382 0.87825
0.94700 0.51378 0.06015
0.37325 0.52537 0.58785
0.16699 0.91203 0.86627
0.71296 0.19728 0.21629
0.68232 0.63659 0.45646
0.79131 0.64043 0.58121
0.42716 0.96012 0.63475
0.21570 0.87371 0.76996
0.64156 0.26024 0.23452
0.50207 0.53333 0.23283
0.85477 0.83074 0.89364
0.89915 0.38133 0.64931
0.82734 0.14947 0.18309
0.72429 0.30970 0.89306
0.23449 0.72708 0.69544
0.73789 0.68277 0.53017
0.64661 0.77610 0.41333
0.89270 0.18775 0.25114
0.89663 0.35347 0.76710
0.80541 0.20246 0.74873
0.79801 0.08139 0.36786
0.87714 0.44375 0.27936
0.80468 0.38118 0.34545
0.44822 0.09260 0.67072
0.11949 0.07798 0.21097
0.55076 0.99733 0.76734
0.41116 0.72242 0.01149
1.80049 1.22179 0.08948
0.11522 0.02721 0.37402
0.09051 0.82298 0.05323
0.48804 -0.11039 0.67708
0.25445 0.40004 0.50009
0.90107 0.75631 0.29653
0.91758 0.28049 0.74058
0.48056 0.40939 0.80297
0.17211 0.55612 0.51071
0.50818 0.94151 0.16887
0.61721 0.41126 0.75926
0.15775 0.67675 0.92056
0.52290 0.66291 0.71584
0.46615 0.53711 0.19413
0.06155 0.57757 0.29589
0.67978 0.66316 0.60640
0.67179 0.33093 0.41958
0.48065 0.52315 0.95212
0.87638 0.62548 0.31545
0.27346 0.91976 0.14364
0.48229 0.77932 0.53819
0.83394 0.42860 0.40568
0.76568 0.28089 0.00934
0.07961 0.23436 0.18199
0.66944 0.28425 0.38236
0.96568 0.69651 0.08442
0.04859 0.27792 0.10732
0.47766 0.25654 0.92499
0.13657 0.03092 0.97841
0.86006 0.39294 0.08639
0.09192 0.09876 0.12040
0.51813 0.73312 0.45206
0.51399 0.35568 0.55834
0.68136 0.60088 0.39923
0.18226 0.64526 0.01109
0.29946 0.63016 0.66047
0.40443 0.88210 0.98411
0.84848 0.42592 0.49464
0.71332 0.80955 0.57268
0.02819 0.76280 0.49552
0.18861 0.61988 0.63607
0.55622 0.52006 0.00745
0.38273 0.14683 0.69728
0.91922 0.83758 0.21612
0.16486 0.73777 0.09633
0.90933 0.85319 0.04409
0.10715 0.41422 0.09381
0.42191 0.62860 0.86706
0.89172 0.45779 0.35803
0.31175 0.95467 0.18151
0.45711 0.40204 0.02063
0.06915 0.15637 0.99665
0.15314 0.23088 0.74764
0.46857 0.13262 0.25791
0.76638 0.34070 0.82778
0.88833 0.80517 0.09839
0.35231 0.94568 0.48345
0.37837 0.48285 0.50423
0.46862 0.27838 0.91702
0.42903 0.10232 0.53594
0.24536 0.08066 0.00738
0.06023 0.72488 0.37514
0.22623 0.94179 0.64231
0.73806 0.35887 0.32244
0.43218 0.09366 0.73174
0.69692 0.82736 0.69376
0.62956 0.92936 0.93793
0.61542 0.90345 0.70655
0.91401 0.56281 0.56341
0.23404 0.22412 0.39266
0.20362 0.93375 0.11287
-0.09982 0.63099 0.74451
0.36821 0.31865 0.95196
0.86162 0.84788 0.57006
0.28713 0.76843 0.64181
0.97253 0.85994 0.59740
0.14478 0.09544 0.42714
0.49717 0.45938 0.38273
0.60992 0.32880 0.68930
0.24630 0.71886 0.65120
0.28726 0.65436 0.90744
0.17759 0.23287 0.92900
0.86032 0.74536 0.44476
0.20137 0.22582 0.81610
0.96847 0.94103 0.32261
0.52884 0.48183 0.91988
1.07128 0.71010 0.10423
0.23931 0.52718 0.79513
0.63130 0.66676 0.75288
0.48791 0.31412 0.83129
0.42583 0.58555 0.92055
0.80564 0.93529 0.91172
0.65979 0.32320 0.09087
0.49116 0.13281 0.07972
0.07031 0.66724 0.37858
0.20434 0.51874 0.12970
0.48837 0.65741 0.13904
0.32864 1.10126 0.65685
0.62943 0.67858 0.77987
0.33001 0.51764 0.30985
2.38989 0.63229 0.36885
0.53268 0.04283 0.63809
0.22971 0.24820 0.00992
0.72422 0.17188 0.27138
0.77153 0.54907 0.35969
0.63354 0.35213 0.31536
0.78919 0.49464 0.57274
0.57937 0.81836 0.70021
0.09343 0.67250 0.58893
0.46214 0.95378 0.17540
0.69835 0.32991 0.63961
3.29345 0.71200 0.93720
0.62695 0.11808 0.07278
0.08075 0.69541 0.04971
1.75885 1.27704 0.43270
0.94706 0.73240 0.85255
0.66625 0.34318 0.38851
0.65729 0.33071 0.04918
0.82283 0.04983 0.84675
0.52459 0.71450 0.77431
0.65543 0.40606 0.36688
0.69678 0.28406 0.63365
0.90836 0.34340 0.68355
0.78222 0.04724 0.91626
0.61782 0.93551 0.07478
0.67323 0.32539 0.59544
0.57772 0.74517 0.00750
0.94260 0.35815 0.39383
0.38094 0.79333 0.66489
0.92548 0.45976 0.12391
0.20806 0.17575 0.15164
0.85648 0.45991 0.82545
0.29723 0.55213 0.32424
0.37105 0.50947 0.09456
0.46089 0.86724 0.42681
0.73350 0.42633 0.35121
0.12761 0.89588 0.18797
0.48678 0.25099 0.68606
0.73067 0.81819 0.47428
0.77821 0.22876 0.07129
0.05469 0.62581 0.74826
0.16279 0.13477 0.85322
0.91153 0.38057 0.43726
0.08753 0.36078 0.11144
0.45305 0.37030 0.38450
0.27440 0.75803 0.78815
0.83221 0.78577 0.04502
0.34099 0.43399 0.64864
0.52661 0.90531 0.99666
0.61509 0.18176 0.89870
0.17918 1.00161 0.03562
0.22246 0.38104 0.28711
0.10844 0.89167 0.69157
0.66479 0.74778 0.18502
0.30289 0.55628 0.11890
0.57368 0.49157 0.09686
0.53482 0.85408 0.02805
0.84145 0.06204 0.47876
0.42643 0.93244 0.34496
0.61629 0.31228 0.35562
0.33514 0.67115 0.72454
0.34801 0.31673 0.90111
0.60826 0.86609 0.55386
0.40836 0.79445 0.11364
0.48528 0.30776 0.40365
0.83654 0.74032 0.60977
0.10966 0.58143 0.16022
0.82991 0.96919 0.52393
0.44115 0.93648 0.12298
0.23627 0.24353 0.04736
0.14227 0.90187 0.71612
0.68191 0.53613 0.92471
0.52445 0.60547 0.69203
0.94126 0.21052 0.16878
0.23690 0.29071 0.13704
2.18003 0.12460 0.60629
0.38500 0.56654 0.03453
0.05344 0.45684 0.01023
0.93480 0.52834 0.13646
0.12096 0.94931 0.44556
0.46233 0.94929 0.09099
0.30537 0.76327 0.43173
0.16779 0.79338 0.89736
0.37732 0.49759 0.99479
0.30541 0.67213 0.27598
0.84385 0.74816 0.06474
0.11996 0.19693 0.85198
0.13485 0.25394 0.72372
0.68146 0.34099 0.74283
0.36803 0.61131 0.95950
0.11167 0.32533 0.17893
0.17427 0.82951 0.38561
0.46343 0.38335 0.23726
0.91368 0.40353 0.33506
0.67930 0.40250 0.40941
0.62958 0.08794 0.36550
0.11744 0.07188 0.29054
0.49137 0.05709 0.79008
0.06613 0.38631 0.58369
0.47198 0.54392 0.11543
0.73935 0.03823 0.89530
0.05593 0.10381 0.48873
0.31011 0.47580 0.75151
0.11358 0.72029 0.42004
0.63878 0.36641 0.34312
0.93956 0.79201 0.32181
0.20235 0.90124 0.99667
0.21890 0.72613 0.31444
0.49913 0.74402 0.17326
0.26547 0.35854 0.56370
0.48192 0.67339 0.24933
0.29168 0.30290 0.33067
0.75776 0.34396 0.13763
0.68538 0.49502 0.06737
0.06044 0.70609 0.07397
0.40806 0.13339 0.95674
0.06061 0.17168 0.22923
0.40135 0.39385 0.47599
0.21340 0.66542 0.57518
0.51150 0.56660 0.97133
0.04709 0.80299 0.57662
0.91944 0.55567 0.66655
0.77375 0.33717 0.48888
0.81657 0.82996 0.16547
0.48524 0.42993 0.42507
0.65905 0.52213 0.25360
0.41801 -0.04753 0.30705
0.65532 0.21448 0.26043
0.44588 0.09140 0.12619
0.53743 0.46756 0.26948
0.96268 0.70725 0.81948
0.16566 0.62211 0.25018
0.16274 0.90438 0.33798
0.56496 0.30769 0.76412
0.89892 0.53748 0.46547
0.51535 0.27608 0.24552
0.24110 0.89489 0.78236
0.44092 0.57468 0.81564
0.88852 0.74009 0.26578
0.29633 0.37678 0.49881
0.25982 0.13030 0.31489
0.19553 0.37291 0.38005
0.23890 0.93154 0.06511
0.12447 0.06700 0.16035
0.07931 0.82739 0.21042
0.40283 0.22032 0.60527
0.20329 0.86232 0.05504
0.74439 0.26135 0.89413
0.30829 0.31928 0.57544
0.15366 0.12752 0.97024
0.24220 0.61350 0.28023
0.04443 0.08901 0.82099
0.93391 0.39323 0.37845
-1.69737 -1.15774 0.82919
0.78768 0.70239 0.17064
0.25419 0.42518 0.56643
0.13244 0.81988 0.93060
0.94434 0.67957 0.12299
0.62292 0.52351 0.28493
0.03783 0.15961 0.51231
0.78077 0.21783 0.74252
-0.02327 0.82527 0.25329
0.50281 0.73515 0.72954
0.81177 0.07589 0.41706
0.80477 0.24114 0.85299
0.85184 0.79149 0.90885
-0.57745 -0.06886 0.40091
0.22911 0.92091 0.98983
0.24864 0.18231 0.08061
0.18794 0.82047 0.70114
0.78630 0.85626 0.31317
0.85640 0.55170 0.14160
0.99603 0.44089 0.24548
0.38947 0.21781 0.01770
0.33145 0.93695 0.19431
0.72265 0.74413 0.79000
0.11624 0.56223 0.10529
0.53396 0.46561 0.68950
0.81787 0.54001 0.17893
0.36170 0.22236 0.32734
0.88476 0.34090 0.73843
3.50604 -0.30776 0.24586
0.78796 0.90398 0.31979
0.76268 0.95737 0.18488
0.39327 0.09375 0.32692
0.52135 0.31731 0.01648
0.68317 0.66195 0.21211
0.85248 0.55999 0.98854
0.96148 0.29413 0.88630
0.81179 0.36224 0.73052
91.57033 12.77237 0.64476
0.92696 0.95851 0.22967
0.94135 -0.56708 0.53318
0.27905 0.46313 0.38018
0.72292 0.16076 0.89477
0.46373 0.56234 0.51598
0.04240 0.84701 0.09308
0.83453 0.13818 0.09937
0.59006 0.03782 0.65250
0.92427 0.70731 0.23390
0.45373 0.19222 0.63193
0.69306 0.48030 0.55018
0.66724 0.62555 0.52373
0.05708 0.55203 0.30186
0.23562 0.05294 0.31835
0.26649 0.67340 0.44944
0.70626 0.90678 0.36073
0.88311 0.92989 0.64145
0.29009 0.69535 0.49076
0.21109 0.66676 0.17944
0.51978 0.44242 0.75421
0.25555 0.26856 0.83047
1.06037 -0.11652 0.05502
0.76458 0.82094 0.12287
0.94843 0.99727 0.33260
0.80257 1.09474 0.96701
0.49260 0.04365 0.52472
0.58694 0.92217 0.13780
0.84175 0.37179 0.13731
0.96044 0.60904 0.81999
0.75860 0.09564 0.44453
0.86022 0.65438 0.65695
0.63378 0.76683 0.94681
0.41697 0.31729 0.72321
0.91469 0.49160 0.48269
0.82273 0.81501 0.38551
0.90762 0.65779 0.14291
0.42584 0.53043 0.63658
0.21508 0.22255 0.27258
0.95512 1.23659 0.76021
0.90461 0.94054 0.01602
0.55185 0.30909 0.31463
0.30251 0.46852 0.14487
0.67147 0.59081 0.08391
0.35808 0.04424 0.55888
0.66756 0.30304 0.32356
0.85615 0.03226 0.60866
0.55317 0.05349 0.93705
-0.97569 -0.29687 0.13260
0.68327 0.19408 0.58426
0.97068 0.09684 0.35961
0.64706 0.32462 0.87921
0.34377 0.83788 0.50428
0.93746 0.33730 0.06204
0.91614 0.70236 0.67863
0.06911 0.40834 0.35571
0.47403 0.92981 0.77058
0.78489 0.87588 0.56723
0.73233 0.45041 0.32011
0.18230 0.45637 0.71897
0.20633 0.96468 0.59836
0.31701 0.40000 0.00948
0.58168 0.13291 0.49988
0.72073 0.45029 0.54492
0.86489 0.27639 0.98408
0.38130 0.19018 0.90575
0.63445 0.55411 0.84108
0.69764 0.25245 0.45621
0.79635 0.67463 0.89771
0.38686 0.99581 0.28656
0.75223 0.95836 0.63482
0.35902 0.76465 0.49972
0.99357 0.21182 0.94473
0.89192 0.24446 0.17054
0.27134 0.60928 0.85118
0.13981 0.47894 0.49342
0.05996 0.79705 0.42011
0.03950 0.80560 0.46424
0.13806 0.20863 0.18302
0.53640 0.62286 0.43576
0.56938 0.66249 0.94540
0.25162 0.04150 0.82529
0.58367 0.95856 0.95529
0.65962 0.82976 0.04689
0.41985 0.27861 0.43707
0.98688 0.34971 0.83381
0.60986 0.77162 0.00592
0.84124 0.61272 0.32455
0.27922 0.82301 0.67613
-0.11073 0.58155 0.38869
0.48611 0.06991 0.83773
0.12280 0.52988 0.32932
0.70571 0.17420 0.22082
0.44513 0.44979 0.78730
0.81058 0.54246 0.77138
0.09891 0.41424 0.50684
0.50342 0.73179 0.39943
0.07019 0.28928 0.17207
0.91345 0.30794 0.50149
0.23755 1.02562 0.78664
0.04281 0.84399 0.29325
0.62293 0.13114 0.38153
0.10979 0.95056 0.28252
0.44672 0.60812 0.45440
0.54601 0.24518 0.84003
0.08360 0.13832 0.30000
0.52545 0.96024 0.75721
1.18902 1.72405 0.05240
0.16589 0.07463 0.46465
0.22859 0.18190 0.29535
0.65122 0.18025 0.22728
0.03842 0.30173 0.60916
0.62719 0.62999 0.41097
0.75387 0.56497 0.99695
0.75884 0.66721 0.32540
0.14361 0.09152 0.94532
0.60871 0.53128 0.75243
0.35284 0.58243 0.59226
0.79269 0.42787 0.55093
0.81096 0.20740 0.25943
0.95565 0.06471 0.74746
0.41391 0.19349 0.86225
0.75265 0.96393 0.85885
0.52304 0.93347 0.17548
0.65662 0.09127 0.43364
0.40866 0.15666 0.05119
0.09700 0.35459 0.65075
0.12885 0.57882 0.65022
0.57028 0.84716 0.29893
0.62593 0.40768 0.60145
0.41644 0.21324 0.57716
1.05379 -0.44200 0.91507
0.37749 0.12124 0.69388
0.06776 0.67932 0.97797
0.72471 0.63362 0.99620
0.64550 0.73412 0.15085
0.47648 0.06236 0.14690
0.93111 0.68948 0.40447
0.40211 0.16295 0.80695
0.51018 0.56012 0.77849
0.74631 0.19767 0.15481
0.62652 0.63972 0.51334
0.39078 0.70648 0.74160
0.91558 0.65902 0.94119
0.32170 0.36689 0.21200
0.67198 0.44525 0.24516
0.28289 0.42281 0.46937
0.78358 0.48051 0.24103
0.60522 0.20432 0.33664
0.09086 0.80448 0.31167
0.83989 0.86677 0.96939
0.28309 0.60748 0.98287
0.19721 0.30017 0.21894
0.51044 0.46659 0.90513
0.58968 0.84362 0.77353
0.04519 0.59715 0.66978
0.78513 0.59990 0.06951
0.14279 0.48662 0.07082
0.27933 0.26260 0.84813
0.05471 0.17698 0.94954
0.41208 0.90086 0.27499
0.15845 0.10121 0.11410
0.62303 0.34920 0.26483
0.63961 0.76586 0.46674
0.80220 0.01819 0.00801
0.81380 0.58530 0.45119
0.16772 0.07443 0.57816
0.20009 0.84107 0.08364
0.22868 0.95335 0.73548
0.35651 0.23003 0.38999
0.42254 0.74457 0.74397
0.32963 0.32879 0.36938
0.57636 0.82169 0.08392
0.72952 0.37781 0.93439
0.21046 0.55193 0.40728
0.79578 0.87706 0.00914
0.49738 1.42139 0.70964
0.05191 0.31034 0.55727
0.76426 0.71228 0.35287
0.55912 0.64141 0.43690
0.69767 0.26631 0.15453
0.50423 0.81572 0.88450
0.69615 0.29700 0.43902
0.89842 0.34930 0.36652
0.29773 0.39310 0.35480
0.40398 0.74399 0.97656
-0.00572 3.31328 0.76170
0.07886 0.84320 0.07504
0.08876 0.21924 0.91312
0.14025 0.19126 0.14724
0.56982 0.80993 0.07263
0.89004 0.56564 0.08575
0.45200 0.56476 0.73707
0.08859 0.65609 0.16203
0.44287 0.89857 0.89061
0.46820 0.13248 0.15329
0.44928 -0.91726 0.64082
0.12781 0.00393 0.54280
0.34411 0.71380 0.85739
0.15088 0.86726 0.21669
0.65990 0.21457 0.84172
0.43754 0.24661 0.50956
0.85151 0.92745 0.02509
10.61637 1.37165 0.27271
1.03114 0.25313 0.04249
0.96443 0.39940 0.46542
0.49917 0.19128 0.28184
0.49921 0.39672 0.75198
0.92009 0.78647 0.20715
0.51793 0.18192 0.65678
0.29103 0.06258 0.59781
0.04885 0.95706 0.63126
0.63557 0.24972 0.54850
0.48241 0.73449 0.74518
0.48375 0.87672 0.50524
0.37209 0.53545 0.93604
0.56285 0.18290 0.66817
0.14083 0.07910 0.73624
0.85817 0.41356 0.23143
0.15989 0.88990 0.63168
0.71472 0.27517 0.37298
0.15778 0.30536 0.93878
0.64090 0.40675 0.20597
0.60147 0.84788 0.04123
0.29317 0.75386 0.11098
0.06974 0.19492 0.43177
-0.05470 0.25406 0.40097
0.09245 0.73218 0.45656
0.48585 0.25074 0.58626
0.38764 0.54878 0.20345
0.92315 0.44357 0.89662
0.60448 0.58539 0.80609
0.98868 0.86122 0.58845
0.24243 0.87319 0.61606
0.78143 0.28967 0.45413
0.28360 0.60674 0.17523
0.39489 1.05945 0.64749
0.80334 0.28994 0.23901
0.30085 0.66325 0.97734
0.13536 0.97624 0.36662
0.95585 0.73075 0.60536
0.37151 0.41651 0.50437
0.26716 0.18917 0.22271
0.32714 0.07019 0.83160
0.16453 0.11495 0.45791
0.73329 0.08022 0.98252
0.38967 0.30813 0.03844
0.70121 0.38839 0.69960
0.16398 0.70950 0.29247
6.26072 6.83097 0.30488
0.70018 0.58078 0.02755
0.79294 0.25924 0.03701
0.48129 0.14304 0.06747
-0.06748 0.84038 0.80528
0.80656 0.29126 0.55808
0.89323 0.45216 0.56142
0.50465 0.73046 0.83299
0.23008 0.90744 0.23446
0.47954 0.14921 0.82177
1.71279 -0.28846 0.84962
0.82573 0.23163 0.49462
0.05599 0.44581 0.56132
0.48934 0.81204 0.95346
0.64712 0.17496 0.50091
0.19115 0.80399 0.10940
0.81975 0.33539 0.51174
0.95567 0.87346 0.70760
0.49281 0.94265 0.01172
0.90736 0.82725 0.83507
0.79222 0.10162 0.24266
0.25702 0.65809 0.96248
0.76916 0.59241 0.64673
0.36095 0.52442 0.13828
0.67942 0.95521 0.87820
0.52203 0.16598 0.93902
0.35564 0.85477 0.97949
0.96017 0.13344 0.30415
0.63092 0.81330 0.08759
0.84451 0.08470 0.10225
0.56978 0.52942 0.85250
0.05094 0.83879 0.08014
0.29161 0.60671 0.98054
0.64828 0.76966 0.03948
0.94358 0.79946 0.55023
0.08347 0.27729 0.00412
0.10152 0.31867 0.75570
0.60532 0.34440 0.74154
0.89924 0.19994 0.87672
0.27415 0.93431 0.20565
0.81903 0.06334 0.32256
0.41049 0.84454 0.18642
0.47694 0.78831 0.67654
0.26252 0.76859 0.34128
0.02405 0.95978 0.39229
0.16403 -0.00958 0.37677
-0.01145 0.97723 0.83875
0.50254 0.86857 0.08306
0.45399 0.13988 0.51231
0.73963 0.43900 0.03638
0.05653 0.57430 0.50331
0.38766 0.28776 0.36665
0.54109 0.80462 0.94865
0.46249 0.01246 0.99552
0.67725 1.00612 0.37719
0.16196 0.74717 0.34055
0.83050 0.23409 0.77332
0.05253 0.57410 0.76717
0.28187 0.13994 0.06949
0.44852 0.73195 0.14172
0.04107 0.08332 0.13198
0.73425 0.10065 0.04943
0.49123 -0.02616 0.62660
0.57930 0.85879 0.06756
0.14532 0.34744 0.09646
0.43716 0.36412 0.03513
0.46040 0.88343 0.84179
0.11815 0.81673 0.74789
0.38607 0.86548 0.41036
0.70211 0.18545 0.78932
0.37845 0.37110 0.40799
0.82839 0.71893 0.84969
0.59150 0.58450 0.46837
0.87018 0.03161 0.37939
0.72743 0.75466 0.01244
0.72975 0.53996 0.79512
0.08441 0.41541 0.43728
0.08832 0.22797 0.40178
0.47536 0.15293 0.99113
0.85492 0.08677 0.81924
0.41208 0.64890 0.11128
0.33995 0.89369 0.78474
0.07595 0.75055 0.89274
0.28512 0.31603 0.55200
1.11132 0.39961 0.37193
0.41462 0.33152 0.21344
0.09089 0.18099 0.23259
0.46817 0.47078 0.47628
0.40089 0.09320 0.99520
0.15070 0.41416 0.21393
0.64097 0.40871 0.27788
0.69153 0.17501 0.80970
0.87047 0.74237 0.11149
0.90345 0.71560 0.49552
0.45772 0.95207 0.11451
0.52388 0.34488 0.91059
0.12437 0.91164 0.09663
0.36729 0.76373 0.51963
0.13105 0.59551 0.74675
1.83343 1.40307 0.62414
0.94212 0.87948 0.22292
0.78389 0.05798 0.26778
0.15056 0.11112 0.11183
0.28670 0.62739 0.73740
0.15923 0.05409 0.05555
0.46122 0.91151 0.33446
0.73932 0.44562 0.79443
0.04267 0.71798 0.66713
0.77602 0.68388 0.49168
0.78113 0.78483 0.84297
0.76906 0.71280 0.74705
0.87927 0.25497 0.70652
0.68623 0.23083 0.00679
0.81633 0.62804 0.04066
0.86238 0.83957 0.62399
0.62359 0.27122 0.31871
0.22024 0.28125 0.15227
0.45596 0.42170 0.98226
0.97746 -0.07324 0.98191
0.61078 0.93197 0.00075
0.30977 0.08926 0.32965
0.38909 0.29184 0.18323
0.68781 0.44346 0.21145
0.10102 0.89180 0.31031
0.16001 0.68268 0.41883
0.36813 0.68673 0.82937
0.38639 0.69695 0.93424
0.74991 0.71572 0.84010
0.59863 0.57091 0.87156
0.98096 0.47970 0.84594
0.17074 0.71646 0.27299
0.71425 0.10084 0.65389
0.84708 0.54531 0.56815
0.94176 0.36588 0.99205
0.87258 0.81466 0.81564
0.77244 0.95814 0.17080
0.81578 0.56767 0.35370
1.67783 3.37521 0.64172
0.67034 0.08858 0.32174
0.87489 0.34728 0.63914
0.94725 0.87505 0.12435
0.64879 0.76116 0.99533
0.59197 1.01701 0.69552
0.17884 0.68548 0.00316
1.31677 -0.59114 0.17936
-0.03919 0.39213 0.76510
0.81360 0.55650 0.88603
0.71297 0.25591 0.07500
0.35454 0.73209 0.69655
0.20076 0.56678 0.21710
0.55552 0.34206 0.34360
0.67820 0.21304 0.48116
0.22119 0.84924 0.83044
0.21073 0.69195 0.35023
0.07094 0.13833 0.89720
0.74465 0.92925 0.39570
0.11011 0.17531 0.90696
0.05049 0.55012 0.47084
0.83793 0.60866 0.13059
0.29804 0.75917 0.31150
0.31432 0.91090 0.94444
0.96136 0.27201 0.68282
0.15955 0.65962 0.84274
0.96012 0.58179 0.09637
0.68783 0.37854 0.21305
0.09753 0.33829 0.02938
0.33839 0.77346 0.93379
0.88827 0.08160 0.36685
0.39878 0.90764 0.55069
0.46110 0.26920 0.56701
0.05288 0.43346 0.09597
0.73565 0.73487 0.91868
-0.73375 0.58373 0.61625
0.81329 0.19190 0.19415
0.56169 0.31409 0.29280
0.53835 0.61120 0.88113
0.94091 0.25820 0.37512
0.22566 0.97805 0.55772
0.77484 0.21882 0.56191
0.07621 0.47388 0.33874
0.35163 0.91992 0.79605
0.30579 0.83991 0.86565
0.04935 0.41459 0.32580
0.67052 0.08187 0.56696
0.02471 0.00384 0.75111
0.78550 0.85207 0.78925
0.88604 0.56200 0.94427
0.81735 0.13880 0.78797
0.29880 0.58205 0.46004
0.68993 0.69394 0.14593
0.35662 0.48878 0.88519
0.80242 0.89791 0.09208
0.83695 0.14328 0.05670
0.02990 0.63177 0.59422
0.59241 0.36593 0.05639
0.87319 0.94247 0.99327
0.05243 0.23917 0.10820
0.84014 0.75553 0.30456
0.58846 0.85093 0.40066
0.16843 0.35476 0.73954
0.46400 0.39677 0.58132
0.83582 0.19316 0.51620
0.55927 0.51922 0.77856
0.03774 0.86538 0.47547
0.28094 0.64207 0.49446
0.12198 0.84335 0.23459
0.09188 0.45263 0.75187
0.35087 0.53923 0.78021
0.55570 0.19811 0.99419
0.73282 0.47053 0.35170
0.88743 0.92848 0.70863
0.39330 0.95565 0.94450
0.05274 0.21945 0.06849
0.93065 0.38041 0.75975
0.73618 0.80757 0.18394
0.05075 0.54671 0.06640
0.23060 0.89753 0.56643
0.11843 0.57910 0.67925
0.20237 0.10498 0.58586
0.04943 0.43983 0.18662
0.27009 0.04377 0.21392
0.04661 0.75834 0.61366
0.89602 0.16137 0.52757
0.27116 0.55394 0.93875
0.63699 -0.11567 0.74942
0.40973 0.52052 0.11602
0.26829 0.74385 0.41879
0.51223 0.07187 0.42683
0.69253 0.59962 0.55103
0.72344 0.28699 0.42756
0.67284 0.91902 0.88667
0.47178 0.27497 0.98725
0.59564 0.65653 0.27694
0.06734 0.04704 0.14866
0.82129 0.48813 0.59887
0.08784 0.93358 0.31530
0.80222 0.50169 0.04624
0.92358 0.77362 0.59165
0.30974 0.46082 0.90737
0.61037 0.29544 0.15177
0.22143 0.23015 0.79127
0.49385 0.06236 0.50789
0.30049 0.69502 0.00924
0.96540 0.43172 0.79956
0.67504 0.09849 0.98908
0.70915 0.26799 0.45615
0.87651 0.46279 0.38606
0.41509 0.31689 0.10489
0.31376 0.17166 0.76225
0.68407 0.37381 0.49284
0.06173 0.38599 0.41482
0.64791 0.85915 0.54228
0.27363 0.88082 0.47910
0.51200 0.26883 0.74820
0.46588 0.24735 0.17761
0.36439 0.46824 0.33744
1.15302 0.81036 0.30827
0.68778 0.46152 0.54033
0.48775 0.04567 0.96354
0.93239 0.89129 0.49660
0.59443 0.80939 0.80643
0.07617 0.85188 0.56554
0.30486 0.29883 0.40442
0.77048 0.28025 0.70110
0.95342 0.43852 0.01515
0.37260 0.81250 0.96324
0.50408 0.68781 0.47233
0.69724 0.36321 0.95870
0.55017 0.66997 0.78090
0.86730 0.35294 0.89305
0.63142 0.30979 0.86782
0.09072 0.16096 0.55215
0.62668 0.62499 0.04033
0.74967 0.76066 0.48088
0.44846 0.49555 0.28585
0.12596 0.37426 0.15431
0.73066 0.75909 0.14136
0.56037 0.73990 0.55629
0.86075 0.51126 0.90703
0.15027 0.30887 0.27314
0.65079 0.15197 0.53287
0.08776 0.27607 0.60793
0.24391 0.92246 0.34633
-0.19707 1.24500 0.04266
0.18203 0.20586 0.08428
-9.96981 -0.03373 0.29674
0.69603 0.06681 0.17744
-0.13730 -1.29061 0.21905
0.57073 0.40318 0.47859
0.06098 0.05594 0.39016
0.35764 0.84247 0.29592
0.37013 0.29014 0.68474
0.30084 0.13495 0.19536
0.46191 0.64666 0.82874
0.19174 0.08230 0.87770
0.55466 0.68297 0.19470
0.42722 0.21533 0.48132
-0.15744 -1.64768 0.15057
0.05749 0.45276 0.16607
0.43472 0.80553 0.40433
0.20434 0.87026 0.79778
0.75347 0.33526 0.54001
0.90947 0.52617 0.82428
0.05230 0.20880 0.76101
0.54748 0.71212 0.98864
0.83772 0.35729 0.06990
0.09543 0.34655 0.78884
0.13299 0.49489 0.05042
0.93127 0.39961 0.67316
0.28185 0.75841 0.68165
0.04998 0.77710 0.38634
0.79521 0.86022 0.36569
0.00757 0.94948 0.96736
0.26686 0.30019 0.68983
0.92465 0.74034 0.70558
0.97770 0.63082 0.88818
0.16967 0.06452 0.20390
0.30661 0.90641 0.52750
0.79301 0.68496 0.01478
0.35307 0.78166 0.04501
0.65594 0.43325 0.89936
0.19867 0.46070 0.77733
0.64151 0.26019 0.83923
0.39378 0.51057 0.97422
0.75499 0.14376 0.08990
0.64841 0.13875 0.77192
0.21389 0.90798 0.29508
0.91337 0.77663 0.45034
0.17784 0.91935 0.96710
0.84696 0.81906 0.81573
0.24291 0.89429 0.05216
0.04511 0.88921 0.31672
0.31683 0.03754 0.64607
0.28550 0.69102 0.18783
0.85632 0.34281 0.29460
0.42702 0.40171 0.45647
0.23924 0.78330 0.90272
0.21406 0.12453 0.92363
0.45065 0.20032 0.01382
0.33126 0.60693 0.48481
0.47238 0.84128 0.36842
0.04513 0.52757 0.96643
0.53654 0.56315 0.28930
0.71178 0.21056 0.89450
0.22118 0.44339 0.82922
0.56761 0.74224 0.92843
0.48978 0.30502 0.44657
0.26174 0.33619 0.73221
0.61392 0.18428 0.82126
-0.30010 1.65748 0.56306
0.28786 0.44364 0.63044
0.04800 0.03208 0.54799
0.26484 0.85823 0.85418
0.88208 0.06737 0.72609
0.08403 0.58684 0.61535
0.35261 0.52470 0.61409
0.68986 0.64295 0.61596
0.96562 0.77995 0.93739
0.94376 0.89206 0.69479
0.41765 0.36904 0.08831
-0.02539 0.17340 0.01619
0.43552 0.33548 0.15664
0.26070 0.84688 0.94718
0.04952 0.89492 0.07973
0.83509 0.55461 0.18622
0.27981 0.69031 0.64060
0.20946 0.47665 0.64734
0.92754 0.78930 0.70115
0.29483 0.02659 0.54538
-0.07832 0.54207 0.30069
0.21853 0.21458 0.47917
0.24799 0.62137 0.23427
0.53551 0.32854 0.41102
0.38306 0.44324 0.10975
0.75069 0.79142 0.11127
0.38133 0.30298 0.36153
0.51985 0.22446 0.53310
0.17582 0.84379 0.93873
0.42176 0.51677 0.95915
0.36912 0.24833 0.03503
0.08009 0.81397 0.03361
0.23734 0.60196 0.98055
0.11889 0.42703 0.04555
0.69305 0.84657 0.22513
-0.07358 0.90542 0.29651
0.63298 0.86433 0.50459
0.95002 0.07307 0.62796
0.46139 0.40692 0.64731
0.46340 0.74294 0.65145
0.30106 0.36524 0.94882
0.53888 0.03879 0.32272
0.07911 0.45151 0.51970
0.23347 0.63699 0.24110
0.25258 0.38245 0.65724
0.82310 0.26009 0.52285
0.49261 0.67605 0.72105
0.64551 0.22324 0.59802
0.04029 0.08227 0.74222
1.27627 -3.97409 0.43182
0.43518 0.82998 0.05394
0.81681 0.22513 0.51786
0.69198 0.43369 0.35571
0.27188 0.58527 0.64707
0.93048 0.71825 0.03563
0.92427 0.86560 0.10791
0.12949 0.20838 0.95119
1.03449 0.66263 0.50217
-15.77976 -0.89229 0.89169
0.85426 0.30108 0.57359
0.93956 0.04355 0.42470
0.58166 0.32899 0.61783
0.29968 0.40708 0.18351
0.09319 0.40035 0.64883
6.62914 -0.59891 0.47143
0.74750 0.81655 0.43407
0.06319 0.72790 0.72166
0.09772 0.86775 0.64550
0.44161 -1.27157 0.01594
0.64549 0.11588 0.15873
0.54115 0.29424 0.14819
0.19244 0.29133 0.90330
0.36545 0.47338 0.53186
0.32917 0.82557 0.51091
0.89274 0.12689 0.09217
-1.01439 -0.70989 0.01134
0.42911 0.43655 0.54566
0.40560 0.02825 0.05990
0.46509 0.18934 0.05455
0.92823 0.87783 0.69530
-0.01910 0.12421 0.73125
0.24644 0.65338 0.82182
0.90450 0.18554 0.01971
0.57083 0.84361 0.38611
0.87097 0.14304 0.89787
0.11663 0.62277 0.43743
0.18299 0.45142 0.66535
0.06277 0.58218 0.23346
0.48563 0.65128 0.36036
0.73061 0.48922 0.20976
0.46815 0.27883 0.54654
0.09744 0.23259 0.01491
0.77472 0.29281 0.82860
0.47568 0.74622 0.62307
0.02383 0.67135 0.01991
0.76877 0.42839 0.43475
0.90616 0.59439 0.91102
0.65490 0.74257 0.56670
0.01426 0.03152 0.30539
0.46383 0.28633 0.05849
0.64466 0.64022 0.66008
0.92506 0.68831 0.04990
0.48829 0.90456 0.03886
0.89574 0.03726 0.31249
0.17981 0.07036 0.06195
0.39924 0.14538 0.60355
0.12764 0.20750 0.85080
8.86749 -12.00492 0.47630
0.61325 0.28030 0.63482
0.57244 0.59517 0.68818
0.07088 0.47556 0.64226
0.59229 0.52169 0.23599
0.62177 0.43897 0.46611
0.38229 0.22389 0.51353
0.42389 0.21055 0.31199
0.01887 0.47212 0.12528
0.29339 0.70115 0.85204
0.79104 0.45481 0.51940
0.87784 0.06010 0.24796
0.18067 0.77227 0.23321
0.44440 0.92825 0.01881
0.74932 0.14602 0.04709
0.85652 0.36571 0.89068
-8.04222 12.91793 0.17619
0.01665 0.33793 0.81611
0.28424 0.66041 0.28632
0.87744 0.47217 0.44457
0.92072 0.92978 0.95878
0.30975 0.28646 0.39963
0.67512 0.60841 0.05824
0.17030 0.46098 0.18917
1.91399 1.65001 0.26621
0.09811 0.95955 0.59768
0.57995 0.30516 0.74371
0.48458 0.29889 0.84220
0.73343 0.35399 0.59355
0.18990 0.98710 0.79695
0.41802 0.96165 0.36592
0.10134 0.15312 0.90980
0.96602 0.63096 0.84844
0.98733 0.83070 0.56753
0.06074 0.41027 0.01632
0.79065 0.38271 0.91485
0.78735 0.83022 0.54386
0.79694 0.39021 0.25520
0.55547 0.96592 0.01334
0.72220 0.84632 0.17484
0.62302 0.15123 0.67507
0.04629 0.80718 0.03287
1.90509 1.95966 0.04312
0.53481 0.69023 0.61380
0.84335 0.59819 0.32428
0.14093 0.83197 0.15263
0.58958 0.25250 0.86865
0.67985 0.66336 0.09338
0.67985 0.41531 0.19326
0.69257 0.22505 0.02972
0.41848 0.48039 0.43375
0.64435 0.61958 0.28207
0.52258 0.65170 0.57826
0.18645 0.72992 0.51627
0.70504 0.63258 0.16055
0.70084 0.46393 0.42215
0.40785 1.00633 0.18893
0.07767 0.48948 0.18265
0.46275 0.18891 0.38068
0.85915 0.85189 0.01802
0.00400 0.61811 0.71277
0.26339 0.64577 0.57965
0.28349 0.39196 0.71666
0.81968 0.55508 0.86304
0.45029 1.18973 0.12741
0.24899 0.93938 0.25428
0.31340 0.53530 0.65814
0.35712 0.56664 0.21074
0.77245 0.21288 0.42489
0.94143 0.11236 0.75402
0.42992 0.16115 0.37832
0.66071 0.59567 0.04677
0.63666 0.39230 0.66140
0.44632 0.63476 0.52586
0.90831 0.14798 0.15685
0.46992 0.80518 0.85500
0.76838 0.70913 0.66556
0.22123 0.71745 0.40762
0.16575 0.63281 0.46150
0.91060 0.85398 0.63028
0.43914 0.64686 0.92252
0.04360 0.43885 0.70636
0.85706 0.09128 0.96403
0.77850 0.86333 0.39257
0.94296 0.38593 0.56311
-4.96717 4.56365 0.84097
0.62560 0.65408 0.07888
0.71169 0.83858 0.78610
0.76469 0.36256 0.78182
0.04108 0.25522 0.27612
0.68413 0.53756 0.20340
0.10511 0.94805 0.25137
0.05890 0.51684 0.32222
0.82967 0.26479 0.61628
0.59148 0.76059 0.00957
0.18986 0.87976 0.16816
0.45218 0.26554 0.49113
0.20202 0.10945 0.30546
0.07919 0.27033 0.98822
0.47906 0.75041 0.66117
0.45841 0.81545 0.48004
0.98083 0.62684 0.74931
0.86718 0.43562 0.62348
0.24818 0.15319 0.08667
0.40452 0.86665 0.04665
0.70046 0.84884 0.92371
0.32850 0.42604 0.87141
0.69265 0.78380 0.45340
0.95282 0.11128 0.06922
0.38313 0.28544 0.95683
0.06178 0.70182 0.46390
0.85373 0.36038 0.40233
0.69098 0.36150 0.50785
0.26191 0.70015 0.28041
0.69621 0.72599 0.22403
0.30119 0.92125 0.28804
-0.01715 0.94292 0.53830
0.13666 0.58200 0.03104
0.51446 0.19613 0.83593
0.06074 0.62218 0.21218
0.89937 0.31713 0.00957
0.98592 0.43544 0.80933
0.16760 0.13946 0.56377
0.63875 0.70880 0.00596
0.48876 0.43695 0.76059
-1.43918 -1.22946 0.42336
0.92944 0.66039 0.29499
0.66592 0.20374 0.15247
0.08295 0.60251 0.82294
0.31815 0.90438 0.77131
0.94702 0.65210 0.37973
0.77868 0.59799 0.39752
0.65838 0.27613 0.86805
0.42199 0.52995 0.66831
0.76621 0.41023 0.76231
0.44029 0.21521 0.95891
0.43601 0.95268 0.90547
0.77834 0.28381 0.95462
0.49836 0.77124 0.35612
0.29041 1.02015 0.21308
0.36419 0.56821 0.59548
0.61405 0.57282 0.57558
0.83111 0.54318 0.08062
0.63356 0.85382 0.64857
0.91274 0.43080 0.34106
0.28873 0.09170 0.52455
0.58362 0.85233 0.02933
0.67639 0.28447 0.51554
0.58586 0.59140 0.45626
0.93674 0.73708 0.51992
0.00481 0.85936 0.07235
0.27541 0.08838 0.94389
0.61246 0.88762 0.98135
0.91878 0.91513 0.16576
0.39920 0.24706 0.12041
0.42366 0.62094 0.84900
0.17364 0.77690 0.44332
0.79864 0.91090 0.01313
0.72853 0.04842 0.66468
0.61019 0.64837 0.75917
0.90405 0.43918 0.25667
0.89325 0.40757 0.77776
0.23148 0.17858 0.97411
0.46538 0.87783 0.52292
0.77339 0.84406 0.23691
0.80528 0.28271 0.71373
0.25983 0.44541 0.80604
0.49275 0.46190 0.81049
0.06260 0.16061 0.43047
0.15718 0.39471 0.19159
0.55230 0.81592 0.46216
0.84270 0.80779 0.58044
0.31656 0.34142 0.63930
1.12293 -0.30475 0.91917
0.20796 0.94398 0.20979
0.03353 0.93452 0.78144
0.86876 0.17454 0.25680
0.78329 0.10471 0.04047
0.72096 0.03691 0.36312
0.74257 0.61644 0.37784
0.48777 0.83860 0.34013
0.25075 0.01209 0.20274
0.26506 0.06035 0.12511
0.35954 0.18130 0.59035
0.56964 0.82905 0.76508
0.18281 0.67592 0.93100
0.31932 0.14277 0.00957
0.03562 0.03526 0.99898
1.06888 0.57741 0.98716
0.38953 0.81732 0.08256
0.39118 0.16490 0.04618
0.30261 0.37700 0.28365
0.97708 0.21083 0.98691
1.19049 0.59894 0.16473
0.87074 0.84315 0.44261
0.27713 0.37125 0.35309
0.12900 0.18976 0.67632
0.57382 0.53396 0.79984
0.97758 0.45655 0.23717
0.29834 0.04544 0.34205
0.98092 0.49161 0.14492
0.28690 0.16423 0.58700
0.28542 0.68510 0.82119
0.55669 0.41667 0.52180
0.90038 0.31487 0.63202
0.08382 0.80881 0.51249
0.22966 0.58295 0.28265
0.84139 0.62966 0.36132
0.27636 0.36184 0.02124
0.42527 0.89047 0.84466
0.68966 1.05164 0.18280
0.82614 0.27735 0.48140
0.62709 0.72751 0.78672
0.86343 0.80260 0.78396
0.63781 0.61341 0.46710
0.52712 0.51418 0.80764
0.69055 0.89355 0.70014
0.37239 0.41185 0.76073
0.41934 0.92273 0.68239
0.49107 0.51331 0.47791
0.40146 0.56850 0.30041
0.11809 0.11005 0.37199
0.49526 -0.04573 0.82128
0.26731 0.67043 0.79663
0.41947 0.46082 0.84233
0.85127 0.30161 0.57993
0.75663 0.79806 0.18137
0.04118 0.49131 0.68478
0.09822 0.60291 0.67052
0.54129 0.89854 0.18537
0.17361 0.78653 0.19944
0.16189 0.00135 0.66835
0.08019 0.49983 0.07204
0.38503 0.27790 0.31609
0.18137 1.00011 0.82485
0.44338 0.72043 0.93819
0.56595 0.89835 0.99167
0.85545 0.22708 0.22096
0.92542 0.84499 0.93742
0.14769 0.09583 0.74132
0.13549 0.56481 0.91401
0.23260 0.20576 0.71309
0.67259 0.11210 0.32617
0.68435 0.12564 0.50131
0.68390 0.79817 0.25818
0.49719 0.11453 0.34126
0.88158 0.53399 0.61777
0.49698 0.50693 0.08172
0.58232 0.89354 0.00398
2.35455 1.31345 0.49319
0.82147 0.95894 0.17378
0.51578 0.78225 0.05495
0.49511 0.89095 0.53789
1.69908 -2.81748 0.13971
0.05932 0.51092 0.47698
0.24889 0.07764 0.62488
0.60233 0.61090 0.33349
0.92420 0.49175 0.52925
0.47402 0.87290 0.08928
0.40122 0.88380 0.71074
0.07152 0.52399 0.79753
0.42469 0.82237 0.30729
0.15849 0.90117 0.82900
0.46945 0.19720 0.60930
0.64008 0.75710 0.98977
0.37329 0.77396 0.26778
0.78847 0.90445 0.09874
0.15243 0.89201 0.75863
0.58707 0.28369 0.98805
0.97076 0.31126 0.80151
0.51003 0.14081 0.12813
0.11564 0.73437 0.48365
0.25188 0.22358 0.06486
0.98571 0.67074 0.22012
0.53984 0.75033 0.17661
0.10095 0.90006 0.97856
0.98332 1.03353 0.82827
0.59934 0.58940 0.96174
0.09445 0.43406 0.22374
0.33510 0.51410 0.21816
0.75039 0.21298 0.25240
0.45366 0.93086 0.66315
0.79982 0.14600 0.69696
0.78721 0.07160 0.61168
0.30720 0.07112 0.99905
-0.02971 0.65446 0.99543
0.28169 0.37431 0.91643
0.12603 0.39282 0.69997
0.19842 0.84387 0.64067
0.90422 0.24800 0.18593
0.96995 0.82041 0.13672
0.78580 0.20122 0.19341
0.93287 0.14645 0.12431
0.55649 0.62115 0.75760
0.30723 0.91931 0.31955
0.76540 0.12308 0.52130
6.78824 -4.53932 0.67590
0.38187 0.61489 0.00471
0.52552 0.06318 0.00774
0.74970 0.72515 0.37126
0.31332 0.21275 0.54445
0.03486 0.21276 0.44664
0.55930 0.64126 0.46245
0.84434 0.28582 0.47238
0.25875 0.93135 0.68063
0.58512 0.49096 0.35669
1.05956 0.82380 0.98775
0.49249 0.10657 0.74378
0.22080 0.94241 0.68634
0.16858 0.39992 0.94658
0.29041 0.61379 0.41917
0.66771 0.42624 0.79683
0.71870 0.80994 0.38152
0.15156 0.71608 0.57038
0.84045 0.60051 0.79948
0.61356 0.38787 0.92609
0.14825 0.93521 0.27824
0.87386 0.42017 0.05824
0.26914 0.84705 0.97248
0.80357 0.84300 0.56041
0.66978 1.02097 0.07210
0.30802 0.31382 0.09920
0.35708 0.26049 0.31491
0.97022 0.67276 0.94256
0.14562 0.52173 0.76508
0.09085 0.94922 0.15453
0.28614 0.24832 0.94516
0.86639 0.38987 0.38958
0.22044 0.31365 0.47803
0.18399 0.65257 0.78575
0.82110 0.86282 0.83755
0.35867 0.39159 0.32538
0.53324 0.67207 0.55106
0.45833 0.50896 0.18599
0.12373 0.39102 0.27041
0.07225 0.86477 0.06968
0.70638 0.20920 0.83275
0.67428 0.59119 0.45502
0.46117 0.74122 0.69949
0.19772 0.39381 0.55856
0.13060 0.90811 0.66634
0.73444 0.68889 0.95379
0.45180 0.35018 0.55208
0.25439 0.51275 0.95247
0.84969 0.76700 0.13966
0.34442 0.06797 0.68907
0.22662 0.93500 0.71998
0.04184 0.29291 0.47535
0.81293 0.83643 0.22428
0.37569 0.25790 0.62359
0.47907 0.60964 0.56027
0.46781 -0.62946 0.82198
0.65745 0.07040 0.47242
0.13393 0.28456 0.85237
0.82452 0.30843 0.40356
0.08975 0.64875 0.70616
1.17444 0.76965 0.81825
0.71400 0.19121 0.11523
0.19961 0.34853 0.58065
0.48919 0.77025 0.08564
0.09587 0.75034 0.62504
0.31248 0.14067 0.40256
0.04200 0.57197 0.67479
0.86059 0.66441 0.76783
0.88004 0.88674 0.64543
0.59228 0.02580 0.29338
0.64175 0.01332 0.31509
0.53855 0.68921 0.08656
0.37052 0.36954 0.81866
0.58585 0.30852 0.90023
0.89956 0.33138 0.01667
1.94287 3.07262 0.55072
0.82648 0.37400 0.69590
1.12007 1.02746 0.54032
0.58180 0.49511 0.21026
0.50950 0.34879 0.92873
0.59012 0.33192 0.27496
0.70366 0.23289 0.91895
0.77755 0.87397 0.13595
0.34989 0.80834 0.95112
0.33718 0.12256 0.28441
0.87804 0.31814 0.21860
0.78847 0.15640 0.27032
0.38883 0.42912 0.29606
0.04268 0.22320 0.10400
0.20981 0.87866 0.30331
0.18424 0.67614 0.89588
0.08469 0.34213 0.66097
0.60895 0.03076 0.28840
0.22141 0.51104 0.42551
0.87598 0.73361 0.72021
0.18653 0.77126 0.21936
0.86199 0.21144 0.70749
0.44847 0.46901 0.89232
0.95825 0.21107 0.13495
0.08534 0.67038 0.24064
0.05175 0.24710 0.76642
0.69932 0.44962 0.83488
0.37628 0.61226 0.87355
0.21293 0.20095 0.33503
0.32415 0.33793 0.99294
0.23447 0.38672 0.67867
0.12920 0.58171 0.49653
0.80178 0.84665 0.97924
0.78571 0.68676 0.72431
-0.01507 0.25129 0.34377
0.05344 0.79580 0.79727
0.10034 0.22311 0.55057
0.70263 0.56342 0.26233
0.17770 0.12732 0.21633
0.48194 0.70116 0.25531
0.07870 0.94224 0.09295
0.88891 0.70410 0.50341
0.05966 0.41903 0.04864
0.15602 0.71098 0.86584
0.12085 0.74351 0.85608
0.92129 0.03039 0.00126
0.92160 0.84950 0.68381
0.39337 0.39923 0.02050
0.76089 0.65897 0.56094
0.06417 0.78923 0.58021
0.40871 0.83011 0.61821
0.67544 0.45163 0.13504
0.53052 0.30846 0.76457
0.60378 0.81912 0.11342
0.88896 0.05081 0.27014
0.67864 0.28924 0.96927
0.43544 0.41095 0.36821
1.01969 0.89193 0.15517
0.14354 0.29716 0.23402
0.20021 0.07128 0.98681
0.35619 0.95945 0.46160
0.92976 0.66164 0.59099
0.58736 0.59915 0.54886
0.83363 0.75379 0.00226
0.91864 0.89188 0.77419
0.08421 0.31270 0.86610
0.37701 0.96968 0.76039
0.68614 0.64542 0.70794
0.85246 0.85181 0.98531
0.79161 0.50645 0.72719
0.32212 0.93946 0.00664
0.66307 0.32055 0.83481
0.06381 0.55701 0.65823
0.50099 0.23456 0.13645
0.75294 0.15177 0.33027
0.68344 0.64003 0.58914
0.28204 0.45145 0.00581
0.67198 0.45610 0.58432
0.87211 0.30819 0.51866
0.13543 0.94465 0.37111
0.78083 0.60901 0.47068
0.13033 0.23544 0.67899
0.62459 0.87477 0.28975
0.61496 0.18172 0.89943
0.24692 0.58231 0.04034
0.34802 0.49537 0.31372
0.71384 0.41460 0.84968
0.84962 0.03965 0.81961
1.18774 0.49974 0.01637
0.25609 0.13287 0.12037
0.53538 0.00804 0.07442
0.35059 0.88051 0.61408
0.31482 0.49530 0.75091
0.13689 0.51828 0.52815
0.26312 0.25770 0.90652
0.52787 0.61475 0.44741
0.13953 0.80331 0.04504
0.91898 0.76557 0.34241
0.51235 0.22197 0.31705
0.06877 0.38098 0.71151
0.12680 0.07305 0.22415
1.04671 0.44465 0.19203
0.31518 0.36169 0.79268
0.50366 0.15997 0.94608
0.39094 0.33520 0.60481
0.65587 0.87896 0.85105
0.94721 0.78202 0.25116
0.78572 0.62647 0.43914
0.78354 0.13880 0.65387
0.15315 0.24659 0.57447
0.34423 0.37747 0.25814
0.56268 0.56695 0.88250
0.94488 0.20591 0.55068
0.72234 0.69472 0.59121
0.35233 0.56810 0.24428
0.83267 0.80429 0.09767
0.57145 0.03872 0.21174
0.17250 0.72117 0.45869
0.63717 0.46802 0.27896
0.67862 0.10046 0.48873
0.29958 0.82741 0.37315
0.36187 0.25635 0.45507
0.84890 0.69369 0.54962
0.86271 0.23318 0.28805
0.51920 0.84617 0.46737
0.40018 0.79096 0.23580
0.10386 0.20872 0.92689
0.06958 0.74076 0.01168
0.91053 0.07453 0.88473
0.96529 0.94647 0.03509
0.68474 0.92049 0.07294
0.91399 0.82167 0.70392
0.14184 0.29048 0.55248
0.83816 0.84868 0.87290
0.60366 0.63216 0.10735
0.78167 0.47675 0.54573
0.94832 0.24787 0.91866
0.49529 0.34972 0.23759
0.75678 0.76728 0.59811
0.45643 0.17043 0.54343
0.06892 0.90199 0.66523
0.28519 0.05229 0.38496
0.55671 0.31473 0.49351
0.25801 0.62641 0.73224
0.82467 0.83750 0.80163
0.73127 0.70537 0.49695
0.46470 0.71085 0.46294
0.38018 0.29014 0.19970
0.92003 0.48298 0.64421
0.53004 0.03263 0.33041
0.25802 0.27632 0.68441
0.10692 0.29648 0.09182
0.26202 0.09426 0.83480
0.84668 1.09667 0.66588
0.64385 0.15620 0.43254
0.14324 0.40896 0.57707
0.65428 0.19179 0.38186
-6.37502 7.59297 0.64256
0.07065 0.69910 0.03709
0.36471 0.22635 0.01502
0.92680 0.63007 0.91865
0.13732 0.35903 0.35902
0.08762 0.87303 0.29197
0.49388 0.45337 0.12609
0.72475 0.25343 0.42043
0.44904 1.97523 0.49462
0.70964 0.12165 0.72844
0.32056 0.99006 0.13108
0.46947 0.43913 0.90342
0.83558 0.58248 0.88775
0.53517 0.31829 0.07410
0.04215 0.12171 0.26047
0.39718 0.82962 0.99129
0.69137 0.84052 0.46576
0.88030 0.65807 0.91218
0.63515 0.54478 0.93999
0.98954 0.33379 0.12108
0.69594 0.30227 0.06906
0.59152 0.66505 0.10585
0.18512 0.93670 0.33550
0.80768 0.38108 0.97977
0.50538 0.92786 0.67493
0.32876 0.05103 0.92739
0.04443 0.48884 0.88237
0.04804 0.30983 0.30714
0.92681 0.81653 0.60304
0.30445 0.67589 0.87228
0.06851 0.65652 0.77404
0.78770 0.52076 0.97764
0.40382 0.81310 0.43081
0.74826 0.77442 0.12878
0.22873 0.29854 0.08622
0.15008 0.21823 0.83935
0.07496 0.76755 0.22283
0.32676 0.51634 0.84835
0.72823 0.78258 0.45829
0.90014 0.68554 0.13239
0.48307 0.52812 0.03684
0.40132 0.16341 0.57518
0.35138 0.17246 0.78871
0.64252 0.00089 0.45710
0.69123 0.75550 0.36506
1.04470 0.68481 0.98736
0.62213 0.06517 0.08506
0.94406 0.77695 0.14605
0.91972 0.39574 0.22235
0.26763 0.45937 0.68397
0.94064 0.84824 0.11279
0.44855 0.19194 0.71441
0.27901 0.85209 0.14586
0.72538 0.09444 0.26433
0.55093 0.21383 0.83061
0.15060 0.72403 0.17363
0.24301 0.91708 0.52094
0.48770 0.34943 0.63895
0.71439 0.58776 0.56784
0.35306 0.07202 0.34492
0.48200 0.43710 0.69562
0.33412 0.49662 0.35936
0.61135 0.84370 0.35654
0.64536 0.88038 0.32617
0.56951 0.93832 0.19475
0.57072 0.92376 0.68894
0.03583 0.72995 0.26602
0.08157 0.22569 0.27753
0.43430 0.62412 0.65223
0.71374 0.73443 0.83980
0.20064 0.88117 0.99145
0.39551 -0.13490 0.52333
0.56611 0.75962 0.46437
0.60530 0.23403 0.19157
0.11370 0.65714 0.91779
0.74193 0.26999 0.11813
0.25733 0.91166 0.21784
0.03273 0.04825 0.38218
0.29533 0.78382 0.27281
0.94710 0.43862 0.17951
0.96217 0.38056 0.69234
0.16480 0.48273 0.93539
0.09179 0.29104 0.18155
0.66250 0.19921 0.22576
0.79346 0.22476 0.86764
0.56943 0.72556 0.47715
0.67160 0.53953 0.27118
-0.45535 1.97298 0.80176
0.56521 0.92415 0.84221
0.12897 0.06835 0.03327
0.05189 0.35938 0.75026
0.82356 0.95595 0.97920
0.92049 0.70223 0.77871
0.33126 0.35451 0.78110
0.28055 -0.17575 0.02018
0.85020 0.60457 0.94380
0.95763 0.05172 0.16373
0.23461 0.66669 0.13142
0.79813 0.91074 0.14901
0.59404 0.83589 0.31051
0.78762 0.10844 0.70022
0.45450 0.58374 0.71246
0.41992 0.21317 0.21839
0.10318 0.82841 0.66096
0.08268 0.53116 0.55386
0.49291 0.91036 0.34034
0.74887 0.74113 0.11010
0.83871 0.69905 0.28142
0.50333 0.14724 0.44103
0.14126 0.95825 0.66615
0.80137 0.71853 0.48968
0.16934 0.83644 0.52096
0.44643 0.69338 0.69333
0.56890 0.04684 0.27511
0.74870 0.28485 0.00788
0.16532 0.59568 0.44447
0.16548 0.51141 0.32559
0.50240 0.20600 0.20288
0.15535 0.93656 0.87114
0.86555 0.78514 0.83153
0.64546 0.81667 0.30057
0.78236 0.09766 0.41595
0.34923 0.87581 0.19524
0.26380 0.94594 0.86867
0.64749 0.56976 0.99073
0.37487 0.55337 0.49351
0.17257 0.55321 0.17757
0.32793 0.26656 0.23609
-0.04649 0.39700 0.34579
0.83586 0.11703 0.80977
0.08946 0.03248 0.12533
0.56741 0.03372 0.55198
0.66586 0.37986 0.07167
0.62068 0.31538 0.39890
0.15979 0.52808 0.41506
0.42873 0.86715 0.66702
0.61549 0.70383 0.63184
0.58690 0.58860 0.70971
0.27253 0.51860 0.62963
-0.08176 1.70919 0.26359
0.92132 0.66921 0.94386
1.07249 0.00057 0.71458
0.40550 0.89234 0.20384
0.42015 0.90159 0.98749
0.30949 0.95662 0.52071
0.20603 0.70648 0.54353
0.83032 0.42873 0.12072
0.48559 0.81845 0.18119
0.94980 0.15287 0.40168
0.48331 0.07756 0.86209
0.17475 0.17226 0.77803
0.15954 0.21251 0.59256
0.51031 0.90042 0.67667
0.67884 0.54409 0.84528
0.08065 -0.67485 0.05921
0.06881 0.42406 0.25175
0.11805 0.26281 0.25742
0.89068 0.50332 0.21244
0.62128 0.37504 0.56166
0.06530 0.70475 0.48580
0.17162 0.06122 0.58847
0.08193 0.36317 0.04702
0.75904 0.29985 0.66684
0.20604 0.70754 0.08105
0.16629 0.48503 0.09742
0.40774 0.92751 0.91104
0.83721 0.26429 0.34214
0.54830 0.87310 0.97087
0.04625 0.85580 0.44383
0.95047 0.63073 0.93850
0.45583 0.87442 0.40833
0.38047 0.25030 0.38286
0.89238 0.04179 0.13363
0.41485 0.52181 0.50795
0.13529 1.07739 0.96280
0.21904 0.19123 0.80079
0.87486 0.51028 0.77798
0.78204 0.21278 0.88668
0.91803 0.81270 0.75364
0.94142 0.19267 0.57075
0.46274 0.47978 0.87066
0.62568 0.40705 0.27617
0.83687 0.85819 0.95225
0.85611 0.41924 0.31682
0.34575 0.38675 0.50625
0.39407 0.41352 0.95787
0.15079 0.27327 0.42309
0.97190 0.92641 0.92593
0.75899 0.51853 0.00224
0.17051 0.56264 0.85213
0.17625 0.64041 0.45383
0.86018 0.04588 0.63540
0.08146 0.65742 0.84361
0.12042 0.18833 0.71865
0.75370 0.33541 0.97171
0.54730 0.17028 0.55605
0.89340 0.59594 0.66517
0.46975 0.66169 0.38907
0.91581 0.58916 0.85347
0.86926 0.67232 0.31466
0.28539 0.47929 0.07561
0.94923 0.10013 0.71968
0.79143 0.22277 0.52698
0.50463 0.71809 0.91358
0.62141 0.35343 0.38884
0.75355 0.18900 0.22091
1.10624 0.23160 0.54744
0.49602 0.18112 0.86178
0.88593 0.27311 0.96167
0.26598 0.31752 0.94578
0.91684 1.06157 0.02402
0.69800 0.34765 0.20831
0.29674 0.91572 0.02339
0.49084 -0.12986 0.74640
0.47496 0.43492 0.87778
0.22546 0.29479 0.23672
0.69688 0.48940 0.28749
0.35265 0.62847 0.63567
0.62228 0.34056 0.33732
0.71858 0.69219 0.35639
0.36359 0.41172 0.42455
0.44590 0.81619 0.11644
0.90482 0.90970 0.30095
16.08262 2.43204 0.63846
0.87169 0.45566 0.67845
0.49314 0.01517 0.46260
0.07100 0.40631 0.82461
0.63462 0.35463 0.54914
0.50652 0.54544 0.62716
0.68105 0.62666 0.26242
-0.19161 0.98936 0.39623
0.44937 0.43959 0.57906
0.74706 0.48426 0.41940
0.89103 0.74107 0.69047
1.18790 0.24373 0.81969
0.12895 0.69912 0.75886
0.80583 0.23484 0.66119
0.14875 0.34287 0.25942
0.29918 0.61062 0.22915
0.45195 0.20909 0.05336
0.77272 0.65796 0.40362
0.11355 0.93775 0.96222
0.32703 0.71762 0.27021
0.27662 0.17776 0.76604
0.64446 0.50531 0.57070
0.34342 0.56371 0.76652
0.89747 0.81542 0.20239
0.79330 0.90216 0.56999
0.07372 0.85669 0.41297
0.38832 0.23375 0.50193
0.43310 0.84369 0.13541
0.49501 0.85631 0.68930
0.96343 0.10230 0.27940
0.08390 0.53781 0.30544
0.09379 0.56482 0.73077
0.91902 0.82887 0.42636
0.29365 1.06574 0.47104
0.57323 0.23162 0.00426
0.57233 0.12555 0.26546
0.80946 0.59498 0.70513
0.54546 0.68255 0.96519
0.55207 0.06594 0.69330
0.50963 0.92016 0.17533
0.28435 0.14566 0.68367
0.67154 0.87914 0.23140
0.11769 0.12609 0.38460
0.84291 0.66448 0.77560
0.78314 0.06687 0.08693
-0.07440 0.09013 0.12376
0.18247 0.82983 0.33473
0.53004 0.36682 0.04757
0.40595 0.79704 0.81190
0.23552 0.36250 0.75576
0.08308 0.68328 0.98987
0.92796 0.05668 0.98701
0.86773 0.25016 0.37307
0.28080 0.29598 0.12435
0.32051 0.61463 0.54505
0.12027 0.04989 0.03069
0.24136 0.25094 0.32262
0.16582 -0.06551 0.70990
0.24516 0.85902 0.57694
0.25897 0.34302 0.84275
0.30962 0.46586 0.71479
0.74775 0.13223 0.21867
0.47408 0.06760 0.02264
0.66653 0.21008 0.76344
0.08882 0.94638 0.52496
0.23958 0.06078 0.61698
0.33262 0.63529 0.20929
0.54297 0.80265 0.97963
0.87870 0.95135 0.81469
0.91631 0.29037 0.37032
0.63522 0.36260 0.44946
1.02030 0.79884 0.78877
0.55798 0.95103 0.69157
0.81584 0.55646 0.45307
0.40571 0.32425 0.32379
0.61677 0.05142 0.10530
0.90433 0.72287 0.72028
0.84270 0.12655 0.96585
0.50110 0.37371 0.59686
0.95976 0.75135 0.54930
0.45586 0.21071 0.33521
0.11979 0.65897 0.61436
0.59789 0.11092 0.47223
-0.09699 1.13728 0.73138
0.28770 0.52543 0.77242
0.58968 0.51748 0.12829
0.78632 1.16691 0.67157
0.11588 0.92137 0.37845
0.08699 0.41706 0.54891
0.60870 0.07371 0.58746
0.19789 0.15653 0.29972
0.74103 1.63474 0.19843
0.24065 0.28067 0.94457
0.57111 0.57096 0.98978
0.79812 0.61182 0.14561
0.73088 0.81067 0.10854
0.25324 0.85557 0.53551
0.77012 0.92827 0.48201
0.01336 0.65355 0.27593
0.18854 0.51227 0.80316
0.14013 0.50856 0.20023
0.41452 0.22349 0.38783
0.04056 0.75109 0.31927
0.58299 0.29113 0.50196
0.17478 0.74367 0.31140
0.77202 0.48185 0.92875
0.50818 0.55347 0.12125
2.15389 -0.38829 0.09834
0.87149 0.07979 0.87983
0.42726 0.23285 0.38562
0.08207 0.87833 0.55138
0.51448 0.40981 0.17188
0.87400 0.63589 0.05793
0.17971 0.75268 0.95631
0.94539 0.33099 0.43829
0.76104 0.30421 0.90496
0.21595 0.83948 0.30039
0.91230 0.78712 0.54263
0.38204 0.72538 0.64230
0.31364 0.07941 0.80517
0.23453 0.10826 0.08602
0.29788 0.57466 0.14873
0.18455 0.13481 0.30651
0.23087 0.76403 0.95069
0.88507 0.31121 0.74838
0.28913 0.95448 0.61512
0.67606 0.70301 0.00427
0.20932 0.80246 0.68000
0.45405 0.25737 0.11691
0.49550 0.84981 0.23062
0.42814 0.92997 0.58040
0.33556 0.08335 0.48079
0.10587 0.72613 0.90237
-0.65843 -1.72794 0.85070
0.12948 0.24413 0.47987
0.67824 0.13915 0.75543
0.76016 0.22646 0.97717
0.16974 0.15339 0.24973
0.52001 0.25723 0.87976
0.11530 0.34543 0.44424
23.11596 -3.37150 0.90565
0.66372 0.40014 0.02295
0.05590 0.67755 0.96956
0.68126 0.86428 0.93730
0.51116 0.31694 0.13047
0.08589 0.07641 0.12470
0.59840 0.60990 0.60386
0.81318 0.23111 0.18694
0.59432 0.84429 0.76042
0.07951 0.77339 0.33748
0.61589 0.71719 0.68895
0.39853 0.38363 0.20417
0.12597 0.93584 0.60111
0.09339 0.81118 0.52956
0.29637 0.63096 0.73819
0.90435 0.18384 0.29027
0.85470 0.60212 0.15962
0.84608 0.82999 0.63713
0.81529 0.31991 0.96804
0.29221 0.67601 0.29648
0.41848 0.96286 0.12705
0.81698 0.27177 0.47645
0.52931 0.82423 0.35862
0.51173 0.00479 0.06181
0.51660 0.09633 0.58255
0.26528 0.80048 0.89359
0.44550 0.25367 0.51688
0.43708 0.81750 0.56686
0.04782 0.37897 0.62323
0.95149 0.31853 0.21535
0.07551 0.37663 0.50453
-0.14481 2.90477 0.00394
0.06781 0.16459 0.37922
0.26552 0.78281 0.17344
0.03893 0.84682 0.43673
0.01415 0.54119 0.93544
0.55172 0.93152 0.12443
0.30199 0.59812 0.21133
0.17796 0.59747 0.42049
0.58428 0.28361 0.56495
0.57359 0.25469 0.82421
0.38814 0.21396 0.62680
0.27021 0.65438 0.14866
0.89535 0.73686 0.56330
0.20986 0.79333 0.62493
0.08684 0.96466 0.73209
0.74347 0.81523 0.09810
0.36116 0.24104 0.45727
0.08166 0.02904 0.65709
0.36609 0.80329 0.09907
0.29655 0.40105 0.30084
0.67445 0.24476 0.26073
0.63471 0.98044 0.90727
0.75282 0.57379 0.32847
0.77312 0.57950 0.74161
0.11567 -0.00347 0.87348
0.74069 0.54479 0.44617
0.14026 0.12661 0.54937
0.77323 0.55962 0.40546
0.89184 0.31224 0.42878
0.78025 0.78620 0.41746
0.41413 0.75640 0.93220
0.44165 0.91113 0.23167
0.10861 0.33800 0.51417
0.61402 0.03126 0.61883
0.34482 0.86818 0.39748
0.59873 0.94877 0.30737
0.85345 0.55965 0.43356
0.56023 0.46719 0.37398
0.58170 0.76485 0.40125
0.60075 0.26683 0.52040
0.13998 0.09544 0.70866
0.62068 0.76642 0.08812
0.56915 0.48724 0.13559
0.03383 0.91970 0.69154
0.46801 0.17243 0.77099
0.44746 0.39594 0.90659
0.94873 0.85722 0.94346
0.81698 0.51798 0.25631
0.32883 0.48716 0.64250
0.91291 0.78551 0.05858
0.74654 0.37732 0.80489
0.89666 0.58427 0.62419
0.41134 0.11480 0.23102
0.52556 0.53572 0.77472
0.49279 0.50889 0.97854
0.91593 0.36018 0.65447
0.92998 0.71848 0.35277
0.71615 0.58363 0.37106
0.51970 0.62617 0.33114
0.39651 0.74170 0.47754
0.54990 0.29967 0.69431
0.11202 0.47308 0.59085
0.89884 0.72073 0.01853
0.24303 0.06308 0.32649
0.96541 0.05849 0.47239
0.88529 0.69632 0.14159
0.06912 1.01054 0.03718
0.80880 0.42495 0.90434
0.20823 1.04967 0.55598
0.58827 0.38467 0.68905
0.23803 0.96317 0.63067
0.12877 0.10261 0.58133
0.43679 0.46865 0.52800
0.90153 0.42726 0.23874
20.58112 -19.77560 0.17219
0.58424 0.51438 0.46345
0.07776 0.35137 0.67303
0.67056 0.18295 0.02775
0.63273 0.53096 0.40902
0.93482 0.25095 0.11035
0.92941 0.34404 0.27954
0.79248 0.78024 0.82551
0.08840 0.59246 0.56185
0.88821 0.55306 0.93064
0.79380 0.79814 0.42601
0.95234 0.15960 0.46362
0.32951 0.24922 0.85850
0.41639 0.18849 0.11967
0.43273 0.11695 0.97417
0.40035 0.33684 0.98434
0.24468 0.02809 0.87540
0.73338 0.07530 0.37326
0.58538 0.98860 0.24033
0.06731 0.45559 0.17586
1.40561 0.79331 0.03552
0.46302 0.14966 0.15115
0.90812 -0.04319 0.13922
0.15605 0.60456 0.25082
0.18824 0.44175 0.12006
0.65072 0.77671 0.65721
0.94075 0.06834 0.22993
0.76759 0.61094 0.82436
0.75957 0.37108 0.94839
0.70206 0.35131 0.04579
0.31273 0.32924 0.54218
0.57145 0.19013 0.67980
0.62744 0.33322 0.02561
0.05132 0.34036 0.68904
0.77283 0.68964 0.93441
0.82887 0.86918 0.01647
0.22448 0.87841 0.33325
0.14867 0.68405 0.81557
0.40138 0.18881 0.19922
0.69807 0.76317 0.65471
0.65380 0.49580 0.76276
0.93489 0.86761 0.08452
0.86069 0.36878 0.51409
0.84942 0.71204 0.28212
0.31326 0.16419 0.76360
0.53423 0.61162 0.99422
0.95515 0.67960 0.93547
0.08795 0.59162 0.64717
0.47489 0.51178 0.05114
0.51411 0.41222 0.59539
0.15077 0.77942 0.78548
0.96465 0.84056 0.78099
0.21797 0.84074 0.11514
0.07878 0.97405 0.77909
0.27896 0.35711 0.21546
0.41454 0.80887 0.28294
0.91098 0.15454 0.40038
0.65564 0.18518 0.26167
0.26446 0.27475 0.01085
0.87988 0.37494 0.16426
0.82022 0.17987 0.11899
0.66571 0.09561 0.22294
0.75845 0.87772 0.63103
0.33849 0.03830 0.55871
0.53021 0.51026 0.94743
0.39248 0.86733 0.44157
0.20904 0.42160 0.19425
0.53670 0.53725 0.24006
0.72316 0.48734 0.89191
0.44656 0.88830 0.59243
0.12227 0.24015 0.80840
0.12052 0.19670 0.33255
0.72589 0.83012 0.75013
0.47112 0.29002 0.21635
0.38275 0.07511 0.32987
0.38990 0.26851 0.85282
0.58746 0.42333 0.75033
0.13830 0.02945 0.31005
0.29181 0.77466 0.32318
0.17984 0.11917 0.52112
0.17506 0.31112 0.55598
0.68090 0.04030 0.55954
0.80567 0.18986 0.95837
0.35410 0.40070 0.50420
0.14849 0.18929 0.55799
0.93888 0.77371 0.77025
0.60057 0.74374 0.11164
0.77203 0.64190 0.85866
0.26820 0.33297 0.33132
0.95520 0.52523 0.25940
0.27363 0.45624 0.99838
0.84002 0.20484 0.46417
0.79052 0.09215 0.83252
0.69211 0.46655 0.54955
0.31622 0.94814 0.54260
0.57957 0.68880 0.74118
0.35136 0.51565 0.48900
0.54101 0.42504 0.30847
0.21026 0.93743 0.04555
0.52711 0.99115 0.64905
0.39094 0.21413 0.44109
0.02320 0.78485 0.94916
0.91977 0.54483 0.94269
0.62442 0.33207 0.07027
-0.00018 1.00909 0.99788
0.67521 0.86501 0.40669
0.20513 0.79979 0.37936
0.08354 0.41257 0.10716
0.71464 0.69088 0.56771
0.76571 0.45019 0.08678
0.90090 0.78316 0.62458
0.16866 0.33858 0.82980
0.44363 0.47077 0.14940
0.67404 0.11693 0.42255
0.69965 0.74909 0.86067
0.47978 0.78139 0.42037
0.88558 0.43510 0.62193
0.15217 0.32601 0.24177
0.36734 0.65319 0.84681
0.17431 0.63925 0.26528
0.08834 1.56995 0.04364
0.37549 0.25739 0.93325
0.86655 0.34969 0.56028
0.00724 0.59458 0.18805
0.29830 0.22206 0.28914
0.08593 0.95546 0.64627
0.02749 0.03185 0.20186
0.89219 0.07261 0.49920
0.08279 0.67563 0.63130
0.59412 0.36479 0.58665
0.10122 0.10109 0.48984
0.13376 0.95414 0.12405
0.77786 0.24256 0.41090
0.52943 0.47765 0.34100
0.62176 0.07638 0.31447
0.79258 0.42573 0.92796
0.48223 0.57077 0.95432
0.14051 0.10848 0.32036
0.12866 0.34566 0.28341
0.35278 0.08650 0.19302
0.22075 0.54875 0.77512
0.76874 0.45334 0.97193
0.91282 0.84520 0.23236
0.13098 0.14953 0.12970
0.75938 0.52924 0.08504
0.87495 0.93281 0.86200
0.40410 0.28575 0.62326
0.30738 0.84675 0.78755
0.05307 0.03696 0.07977
0.63815 0.97461 0.94227
0.30167 0.86178 0.57261
0.67859 0.39052 0.70746
0.03005 0.71333 0.91563
0.32851 0.40072 0.17138
0.54638 0.41959 0.80125
0.98413 0.36909 0.02001
0.77150 0.59983 0.95308
0.97694 0.07901 0.77688
0.87468 0.08286 0.76640
0.85184 0.90123 0.92318
0.04190 0.28810 0.09871
0.96845 0.81269 0.36719
0.59952 0.14721 0.79146
0.39694 0.90510 0.06353
0.70074 0.58996 0.05917
0.10332 0.76494 0.99023
-3.80050 -1.59153 0.13986
0.12974 0.83517 0.30400
0.34251 0.58790 0.68476
0.03756 0.72189 0.54239
0.59710 0.64599 0.54877
0.82669 0.83488 0.35746
0.03609 0.02212 0.95560
0.53440 0.03456 0.57852
0.71789 0.60203 0.72260
0.74878 0.70589 0.37704
0.07719 0.79854 0.40569
0.28177 0.77479 0.68643
0.75831 0.46026 0.34601
0.27133 0.33105 0.09419
0.84846 0.59785 0.72799
0.93415 0.29505 0.82538
0.12050 0.31439 0.44254
2.66042 1.00904 0.25901
0.70580 0.02628 0.09751
0.84964 0.66451 0.80972
0.95549 0.86423 0.96513
0.56659 0.43872 0.35701
0.45910 0.94000 0.71241
0.86931 0.72698 0.80905
0.83371 0.66260 0.30650
0.27551 1.30168 0.20849
0.04710 0.71468 0.85573
0.14663 0.53396 0.94908
0.85164 0.48487 0.42472
0.76111 0.09287 0.60542
0.38181 0.12879 0.49537
-0.02196 0.90439 0.16656
0.94341 0.14234 0.84492
0.29964 0.93030 0.60796
0.83900 0.30419 0.01138
0.29714 0.22082 0.66672
0.26572 0.34660 0.13407
0.71898 0.70459 0.18922
0.74729 0.60663 0.27735
0.10113 0.20681 0.57134
0.17282 0.63839 0.72269
0.11967 0.40613 0.80703
0.07405 0.64227 0.77076
0.31101 0.23922 0.35871
0.19037 0.86547 0.96527
0.50609 0.18495 0.10898
0.64221 0.81472 0.32436
0.98210 0.67181 0.46814
0.63509 0.28449 0.79815
0.63876 0.65908 0.72152
0.68518 0.33590 0.44584
0.13744 0.36552 0.02922
0.64144 0.23364 0.43764
0.17713 0.28748 0.81726
0.74246 0.73462 0.95565
0.34992 0.48219 0.37653
0.57864 0.01623 0.90950
0.62362 0.03050 0.93173
0.61302 0.39870 0.39138
0.31179 0.05642 0.98335
0.49229 0.48992 0.37714
0.86815 0.46854 0.03583
0.76307 0.23184 0.41646
0.12468 0.18739 0.42083
0.65711 0.54937 0.40407
0.08085 0.59596 0.81364
0.36607 0.60452 0.48195
0.17367 0.32844 0.92836
0.85800 0.08141 0.84377
0.79487 0.10475 0.42705
0.06427 0.79615 0.96043
0.85999 0.68002 0.64312
0.85859 0.79804 0.84402
0.81722 0.84058 0.77868
0.66272 0.50509 0.89371
0.26502 0.70651 0.18639
0.16696 0.90347 0.51457
0.86298 0.09902 0.45104
0.16128 0.89599 0.16851
0.93957 0.23690 0.80538
0.43490 0.73348 0.37589
0.56567 0.89844 0.66984
0.01522 0.90682 0.71450
0.85632 0.80107 0.71065
0.10248 0.50934 0.16886
0.83750 0.36183 0.42279
0.62370 0.26798 0.91205
0.51315 0.48000 0.30335
0.79354 0.05642 0.03379
0.03030 0.86716 0.45419
0.35661 0.59738 0.62501
0.62052 0.17911 0.64134
0.23335 0.23457 0.17976
0.03590 0.44125 0.03371
-0.16434 0.30731 0.02398
0.41572 0.25371 0.92730
0.89399 0.60094 0.12677
0.24968 0.70960 0.27615
0.04996 0.06910 0.54139
0.36861 0.75714 0.87537
0.02659 0.22583 0.63392
0.80598 0.91029 0.97608
0.12195 0.98090 0.02586
0.38448 0.59722 0.21489
0.91054 0.06981 0.88338
0.47846 0.75336 0.16483
0.68011 0.49672 0.11288
0.65140 0.84627 0.34430
0.65050 0.65067 0.26761
0.85000 0.60690 0.00158
0.42983 0.52496 0.65612
0.39171 0.48511 0.14117
0.62495 0.35844 0.07717
0.01259 0.25840 0.38633
0.49880 0.26071 0.10403
0.64175 0.40895 0.56275
0.36877 0.90493 0.17570
0.20444 0.84728 0.93987
0.47535 0.84308 0.15272
0.50967 0.82495 0.38240
0.56890 0.17958 0.87704
0.66860 0.48348 0.38148
0.34726 0.67666 0.40030
0.94558 0.33092 0.41939
0.42391 0.78306 0.39869
0.95396 0.73641 0.64316
0.06440 0.40820 0.06517
0.79672 0.52128 0.79103
0.91019 0.26067 0.63423
0.78991 0.68581 0.03819
0.48389 0.88774 0.47578
0.32860 0.33907 0.85332
0.78707 0.13672 0.83857
0.70194 0.77201 0.03873
0.48793 0.81770 0.22594
0.42287 0.32283 0.45800
0.05240 0.05000 0.12836
0.15210 0.26611 0.77591
0.12994 0.64003 0.80195
0.75589 0.37923 0.33655
0.55386 0.38937 0.62904
0.33616 0.54389 0.54859
0.19187 0.37890 0.84149
0.53705 0.07351 0.73732
0.42935 0.24902 0.53362
0.58333 0.83370 0.54386
0.42387 0.57569 0.43823
0.73425 0.69466 0.53957
0.80728 0.69563 0.22873
0.86396 0.49189 0.39865
0.20758 0.95281 0.19479
0.79417 0.67038 0.14690
0.14979 0.39369 0.26682
0.83492 0.11324 0.38625
0.80213 0.07228 0.46557
0.30922 0.48772 0.77448
0.87045 0.61549 0.64109
0.12740 0.79084 0.63309
0.79166 0.82739 0.52853
0.73378 0.11339 0.01084
0.14198 0.11587 0.77759
0.79586 0.41265 0.07869
0.64639 0.88084 0.40656
0.20017 0.12288 0.74699
-15.36080 -0.15893 0.72385
0.97723 0.06636 0.88542
0.35355 0.21692 0.17325
0.07108 0.78811 0.82198
0.42721 0.35868 0.29759
0.92047 0.31558 0.84448
0.75631 0.52042 0.32680
0.90002 0.58287 0.58843
0.94073 0.09552 0.10501
0.95726 0.58433 0.28175
0.59235 0.76261 0.33742
0.47312 0.38738 0.50264
0.33788 -0.25038 0.33299
0.61616 0.17243 0.65732
0.42172 0.29963 0.91821
0.16322 0.03736 0.51333
0.91972 0.76952 0.62974
0.35108 0.50611 0.05423
0.85631 0.90680 0.71859
-0.02602 1.18988 0.85531
0.48314 0.52440 0.08119
0.90740 0.78374 0.40634
0.52923 0.82664 0.74751
0.20537 0.10519 0.81507
0.14016 0.74744 0.56373
0.81901 0.77386 0.32393
0.55700 0.93473 0.11333
0.69584 0.22784 0.00285
0.61989 0.25342 0.02654
0.35730 0.68611 0.87405
0.27840 0.32385 0.50701
0.77927 0.56832 0.62882
0.70557 0.88841 0.28823
0.04523 0.13099 0.33584
0.36823 -0.09305 0.35110
0.77785 0.53197 0.51832
0.91699 0.10841 0.68706
0.86401 0.40114 0.35465
0.38262 0.43210 0.87819
0.31358 0.34267 0.18618
0.93263 0.13495 0.09398
0.35934 0.76918 0.02036
0.87926 0.45790 0.86308
0.50849 0.64457 0.55586
0.85118 0.60942 0.47537
0.50537 0.37925 0.05899
0.31676 0.85006 0.92829
0.34606 0.21222 0.32670
0.90790 0.83604 0.07408
0.00132 0.46469 0.07630
0.13809 0.72187 0.74490
0.85990 0.48876 0.45593
0.29893 0.22473 0.36232
0.36044 0.86165 0.51361
0.46741 0.50714 0.83412
0.90711 0.90671 0.50137
0.47913 0.59547 0.92750
0.48985 0.30863 0.43355
0.68713 0.35144 0.28627
0.35460 0.36303 0.89265
0.20066 0.40197 0.46464
0.67867 0.10589 0.71877
-0.13359 0.72213 0.91956
0.90324 0.77135 0.06473
0.97737 -3.17302 0.10809
0.60276 0.24757 0.65290
0.92447 0.60935 0.07663
1.38683 0.94198 0.09168
0.48353 0.80028 0.49715
0.05551 0.59752 0.36884
0.07257 0.17127 0.51048
0.22611 0.32892 0.33703
0.82191 0.85825 0.22756
0.41711 0.16262 0.11342
0.83814 0.62974 0.76023
0.02535 0.15754 0.51705
0.56707 0.09263 0.48634
0.29820 0.48564 0.83660
0.58625 0.47695 0.59244
0.85653 0.22060 0.84997
0.68867 0.73759 0.92787
0.26723 0.62674 0.61533
0.39561 0.94139 0.26325
0.54630 0.72109 0.62146
0.57677 0.42074 0.89575
0.94759 0.51906 0.28642
0.58131 0.13483 0.52383
0.91568 0.52054 0.88633
0.13918 0.88362 0.07602
0.54543 0.57797 0.51355
0.51420 1.04627 0.49635
0.20732 0.87448 0.44576
0.38129 0.96004 0.77198
0.40469 0.19824 0.00697
0.36091 0.50303 0.27832
0.70322 0.60791 0.79268
0.68416 0.40577 0.55764
0.98267 0.35361 0.86924
0.10056 0.09568 0.17014
0.90241 0.78675 0.38557
0.73951 0.29797 0.24998
0.64625 0.88826 0.63718
0.21260 0.44484 0.28445
0.83382 0.18304 0.32077
0.89372 0.35039 0.81048
0.81931 0.85819 0.21756
0.68673 0.31730 0.73746
-0.04953 0.70023 0.88016
0.15186 0.74267 0.88564
0.79883 0.82597 0.23654
0.10687 0.26302 0.94078
0.38570 0.85012 0.20271
0.11204 0.24341 0.06581
0.70903 0.32248 0.16410
0.10447 0.57120 0.07957
0.82375 0.96098 0.90841
0.70093 0.72658 0.95218
0.49077 0.38410 0.95975
0.92793 0.58463 0.74568
0.76151 0.58621 0.15065
0.87830 0.57232 0.47474
0.92082 0.09625 0.10403
0.77945 0.47973 0.56091
0.80890 0.47098 0.94623
0.69704 0.86705 0.64790
0.56172 0.91129 0.62452
0.07859 0.70458 0.51397
0.72366 0.12431 0.09452
0.65176 0.52671 0.59248
0.59238 0.55262 0.43044
17.02391 0.29476 0.55565
0.68474 0.18086 0.95824
0.25830 0.74891 0.60916
0.73637 0.44355 0.11830
0.47392 0.88664 0.47279
0.98148 0.94298 0.69945
0.92513 0.30462 0.08439
0.74605 0.33878 0.45008
-6.18093 -5.44532 0.92395
0.80527 0.09632 0.96250
0.66838 0.54488 0.42659
1.21645 0.06479 0.55903
0.16550 0.06520 0.48793
0.76326 0.17711 0.02469
0.75772 0.70967 0.49070
0.54170 0.48758 0.30324
0.73750 0.09616 0.37130
0.84172 0.18387 0.06321
0.13941 0.14128 0.44929
0.23720 0.21891 0.97450
0.27055 0.09506 0.95661
0.15505 0.66355 0.73752
0.90972 0.47896 0.95731
0.23984 0.31233 0.69981
0.49924 0.17290 0.78812
0.45748 0.80571 0.18349
0.42405 0.27441 0.88279
0.07537 0.45199 0.81440
0.88309 0.25535 0.72314
0.84777 0.74322 0.07089
0.04935 0.09998 0.04514
-89.62240 -12.70397 0.34778
0.45700 0.87464 0.26397
0.17909 0.51916 0.91706
0.38120 0.13486 0.47562
0.41973 0.91718 0.71069
0.49879 0.44152 0.83778
0.65006 0.06483 0.09127
0.58465 0.28061 0.26505
0.25751 0.26961 0.03884
0.86857 0.28815 0.64591
0.93276 0.15772 0.58665
-0.26121 0.83105 0.34068
0.07425 0.91274 0.11000
0.73375 0.68739 0.67099
0.69595 0.46917 0.82269
0.19815 0.34917 0.99544
0.06432 0.51964 0.92363
0.64576 0.10773 0.33078
0.15169 0.92455 0.20288
0.08388 0.94754 0.40996
0.05496 0.87399 0.81840
0.10133 0.19982 0.54169
0.62666 0.89517 0.31941
0.13061 0.86014 0.71499
0.16661 0.72711 0.63233
0.34504 0.53892 0.17794
0.11013 0.84257 0.96726
-0.42437 -0.31698 0.53257
0.67727 0.53992 0.65611
0.86966 0.49640 0.90933
0.38507 0.96711 0.06625
0.96747 0.33251 0.97286
0.71510 0.35819 0.76287
0.72271 0.74744 0.55400
0.22181 0.74792 0.40098
0.44476 0.69351 0.87618
0.89414 0.34706 0.76831
0.30842 0.45329 0.78326
0.68228 0.91354 0.29739
0.22093 1.00787 0.46395
0.58041 0.63555 0.38735
0.70925 0.43151 0.05814
0.62462 0.59392 0.55184
0.60487 0.35895 0.66961
0.62931 0.14586 0.64678
0.52236 0.36941 0.56093
0.86038 0.44203 0.54407
0.59063 0.85504 0.19419
0.76076 0.16140 0.28140
0.63360 0.16321 0.60901
0.63362 0.65055 0.68001
0.69482 0.20362 0.01530
0.73595 0.11577 0.44120
0.30801 0.20034 0.76147
1.92682 0.41902 0.36272
0.82444 0.65326 0.07586
0.88613 0.73278 0.88946
0.86017 0.29857 0.14848
0.46608 0.73051 0.60497
0.64907 0.39132 0.15759
0.98043 0.48423 0.40015
0.81970 0.76915 0.57587
0.08119 0.45644 0.25653
0.85977 0.24299 0.24341
0.39933 0.31906 0.43840
0.86768 0.41042 0.93997
0.45010 0.48127 0.07831
0.30728 0.51388 0.74788
0.05571 0.14806 0.22949
0.86135 0.29413 0.61793
0.94133 0.07800 0.84800
0.81014 0.84594 0.83196
0.71210 0.84230 0.04009
0.13856 0.63084 0.71794
0.91197 0.62028 0.24584
0.05602 0.95270 0.05411
0.18671 0.33682 0.92032
0.83994 0.12941 0.53164
0.68792 0.61930 0.81669
0.08532 1.10531 0.23402
0.50478 0.06532 0.39410
0.40484 0.39979 0.47262
0.76106 0.44185 0.55289
0.43618 0.11610 0.01640
0.50993 0.56350 0.58111
0.75235 0.19751 0.42227
0.56656 0.33220 0.68838
0.66617 0.84710 0.27875
0.73978 0.38385 0.05333
0.19589 0.11858 0.03837
0.08015 0.51356 0.95894
0.17249 0.08225 0.98113
0.92777 0.86747 0.41186
0.69372 0.80611 0.94068
0.85328 0.35823 0.60299
0.75104 0.91444 0.97452
0.11656 0.94672 0.53858
0.81079 0.27887 0.70514
1.27513 0.43317 0.70415
0.19388 0.63398 0.04514
0.25239 0.75007 0.81898
0.08008 0.60781 0.27775
0.48419 0.06668 0.82202
1.22421 -0.43565 0.20846
0.75761 0.91646 0.80587
-0.09092 0.71921 0.78983
0.77390 0.27554 0.34579
0.81497 0.76987 0.55712
0.84165 0.85709 0.06960
0.47363 0.61154 0.08288
0.64949 0.53099 0.20931
0.68203 0.93445 0.04218
0.96179 0.66878 0.78175
0.83746 0.33697 0.07823
0.08166 0.66323 0.45753
0.25813 0.69124 0.33013
0.89639 0.93798 0.52848
0.49829 0.31595 0.72835
0.96645 0.67346 0.28828
0.55588 0.45066 0.32754
0.86655 0.50397 0.56850
0.95459 0.95134 0.55380
0.29360 0.81504 0.89017
0.54900 0.90101 0.45668
0.36900 0.80366 0.71130
0.29137 0.36914 0.66036
0.13946 0.29179 0.62946
0.47187 0.31857 0.68010
0.65640 1.16608 0.03384
0.49492 0.16949 0.88401
1.13557 0.58843 0.89889
0.49039 0.76734 0.84042
0.92023 0.02774 0.00792
0.27275 0.37677 0.67750
0.55406 0.69553 0.07946
0.58112 0.84626 0.19059
0.14465 0.13936 0.73634
0.09886 0.95905 0.44748
0.12757 0.55936 0.14369
0.16440 -0.01122 0.23918
0.56376 0.34537 0.63253
0.67553 0.68259 0.87962
0.34183 0.61625 0.79457
0.48206 0.12461 0.60953
0.49176 0.41822 0.08191
0.93817 0.75891 0.15129
0.91740 0.21039 0.62178
0.73073 0.40155 0.36932
0.52484 0.27451 0.65859
0.97829 0.96225 0.69713
0.04067 0.87554 0.98309
0.59176 0.29977 0.03264
0.44060 0.27249 0.43493
0.53965 0.91117 0.32183
0.03619 0.05239 0.07651
0.21718 0.79363 0.43007
0.03532 0.19981 0.45381
0.68298 0.32512 0.12538
-0.04067 0.20960 0.83441
0.90916 0.35894 0.79103
0.74461 0.96077 0.40872
0.02385 0.16446 0.05760
0.44183 0.83316 0.81528
0.40715 0.62195 0.24318
0.33190 0.60996 0.53653
0.87172 0.14309 0.47206
0.77184 0.35494 0.10355
0.51731 0.25079 0.43144
0.84720 0.14265 0.27610
0.73722 0.68260 0.45410
0.69677 0.43129 0.52065
0.37424 0.42480 0.45360
0.67603 0.25450 0.70600
0.46075 0.13174 0.64099
0.38164 0.82450 0.30590
0.32213 0.85085 0.67875
0.03720 0.17873 0.16864
0.48644 0.89295 0.94706
0.72154 0.17226 0.73061
0.13229 0.91855 0.57147
0.65997 0.66359 0.78683
1.26391 -0.10586 0.46934
0.57618 0.42835 0.74064
0.33271 0.86752 0.66853
0.49325 0.87526 0.90076
0.44543 0.12334 0.31839
0.18198 0.15370 0.72003
0.63381 0.70229 0.59712
0.62821 0.86371 0.33625
0.05950 0.27440 0.46653
0.09094 0.18183 0.54651
0.74641 0.89035 0.20443
-0.83514 -0.78354 0.18362
0.26382 0.33903 0.84477
0.01566 0.89795 0.21219
0.41574 0.73058 0.26679
0.40753 0.76355 0.94727
0.51881 0.82629 0.04435
0.87543 0.14965 0.11552
0.45478 0.02741 0.17188
0.06633 0.17225 0.64716
0.86921 0.57940 0.56045
0.29019 0.56700 0.80255
0.11915 0.19591 0.31871
0.68846 0.41359 0.58866
0.06734 0.13946 0.60202
0.28997 0.80661 0.21317
0.79989 0.04673 0.99089
0.52385 0.10118 0.39066
0.94719 0.61083 0.73064
0.89198 0.46808 0.65835
0.22584 0.36900 0.97058
0.91853 0.96140 0.21113
0.69189 0.40620 0.43752
0.54171 0.05888 0.50269
0.18557 0.45447 0.37949
0.49409 0.09465 0.73586
0.84127 0.17186 0.49209
0.50337 0.13778 0.18511
0.39988 0.04723 0.48169
0.83133 0.89043 0.89556
0.39737 0.51753 0.11657
0.14335 0.38934 0.14947
0.08005 0.17897 0.01670
0.02367 0.45514 0.96513
0.63665 0.10408 0.05639
0.09913 0.45089 0.51394
0.33703 0.27565 0.85742
0.29977 0.56765 0.97296
0.52360 0.96141 0.10637
0.54891 0.31408 0.41197
0.32290 0.22460 0.52392
0.18375 0.69941 0.37624
0.56818 1.05951 0.09529
0.89922 0.34520 0.65689
0.64671 0.57434 0.79572
0.16538 0.61377 0.90562
0.12475 0.54882 0.84197
0.93051 0.20547 0.24118
0.96629 0.12919 0.33156
0.85123 0.22913 0.86831
0.28635 0.04791 0.83955
0.73267 0.21248 0.22935
0.13050 0.33825 0.80817
0.94293 0.43822 0.67814
0.30529 0.80264 0.26353
0.98978 0.09828 0.22754
0.56557 0.49782 0.61992
0.40381 0.64068 0.34470
0.08102 0.88985 0.58944
0.08838 0.27793 0.37948
0.95517 0.10163 0.09240
0.43466 0.87219 0.99622
0.28765 0.30136 0.13582
0.08728 0.08084 0.91016
0.25451 0.36330 0.37148
0.83005 0.60597 0.20363
0.23511 0.65584 0.32528
0.82280 0.88664 0.68673
0.30754 0.58652 0.01612
0.95401 0.31829 0.37811
-1.74199 0.67775 0.77509
0.26302 0.30367 0.40073
0.84088 0.52595 0.30889
0.52448 0.90058 0.29241
0.07501 0.39495 0.62460
0.10863 0.10788 0.56417
0.21292 0.91562 0.67188
0.26123 0.34054 0.93169
0.38771 0.14168 0.70979
0.21998 0.43353 0.25422
0.52013 0.74400 0.51819
0.56414 0.30442 0.83833
0.99436 0.53361 0.39093
0.45474 0.69900 0.87226
0.56878 0.68581 0.80579
0.21767 0.85604 0.62929
0.47472 0.71576 0.49696
0.79179 0.71837 0.62370
0.77454 0.93207 0.59984
0.92862 0.76718 0.17072
0.65831 0.97059 0.88000
0.51732 0.67123 0.83789
0.90926 0.26267 0.09952
0.91283 0.51885 0.11601
0.84322 0.38391 0.25571
0.48361 0.10155 0.85632
0.39565 0.14407 0.55269
0.92842 0.83488 0.58104
0.56279 0.16809 0.26912
0.69644 0.69622 0.54444
0.79401 0.77221 0.81765
0.88707 0.42213 0.74531
0.87668 0.15193 0.41186
0.08134 0.72610 0.25042
0.29029 0.62476 0.94308
0.55932 0.83617 0.33082
0.05096 0.02770 0.66877
0.31387 0.55459 0.57367
0.76357 0.48733 0.44367
0.20661 0.44748 0.97875
0.45338 0.79696 0.88249
0.47192 0.76211 0.19747
0.14323 0.71280 0.65639
0.39027 0.62379 0.98948
0.26383 0.36588 0.19684
0.67126 0.14574 0.13827
0.37060 0.13671 0.67139
0.51257 0.45315 0.41834
0.88137 0.06653 0.62205
0.15582 0.80431 0.70488
0.19940 0.78477 0.44481
0.28202 0.62519 0.17418
0.83595 0.67559 0.97071
0.18083 0.15375 0.14203
0.89718 0.15584 0.43441
0.27791 0.83977 0.38404
0.86424 0.21589 0.11624
0.77726 0.65708 0.95188
0.29321 0.22000 0.24808
0.85302 0.85174 0.63069
0.10400 0.31087 0.92447
0.20744 0.90789 0.20361
0.66644 0.27687 0.41528
0.17945 0.03894 0.09007
0.60866 0.52849 0.04844
0.05010 0.08236 0.46490
0.18216 0.54588 0.76715
0.86210 0.36702 0.35861
0.26091 0.53245 0.98261
0.37006 0.36300 0.97052
0.16748 0.48107 0.89386
0.38435 0.29636 0.81275
0.05807 0.41410 0.01002
0.67655 0.42153 0.14536
0.67000 0.68370 0.38205
0.06677 0.54775 0.53351
-0.49346 -0.29521 0.62822
0.89852 0.16426 0.53921
0.10122 0.27397 0.90575
0.32234 0.81760 0.08193
0.69526 0.74087 0.05177
0.79105 0.52571 0.67010
0.23220 0.89579 0.17993
0.60636 0.81213 0.55310
0.75381 0.80903 0.85715
0.26178 0.69059 0.90471
0.01142 0.23659 0.22870
0.42196 0.56180 0.30291
0.85881 0.22102 0.47770
0.82306 0.60657 0.33801
0.09490 0.40659 0.25766
0.67599 0.57920 0.90379
0.73454 0.69324 0.79142
-0.17954 6.32449 0.58700
0.91191 0.86024 0.90259
0.88464 0.22874 0.74722
0.27491 0.37561 0.05783
0.51095 0.20899 0.26912
0.52076 0.19753 0.44669
0.05960 0.27140 0.56125
0.95962 0.54630 0.42045
0.34238 0.87192 0.28792
0.20032 0.85889 0.76475
0.11960 0.32359 0.81939
0.94662 0.89648 0.54858
0.42841 0.90011 0.10184
0.07530 0.75824 0.85909
0.97469 0.26487 0.99085
0.45689 0.06420 0.39446
0.40901 0.45926 0.47662
0.10170 0.07138 0.84800
0.61620 0.33329 0.91580
0.58331 0.12122 0.74003
0.83701 0.57921 0.78437
0.16051 0.19247 0.04158
0.13363 0.59272 0.24127
0.31530 0.95656 0.60553
0.51653 0.67179 0.47814
0.17549 0.35186 0.09776
0.87108 0.97466 0.63505
0.65656 0.33077 0.15665
0.82594 0.28027 0.18719
0.62613 0.55982 0.35045
0.36247 0.29623 0.64465
0.71835 0.65070 0.24096
0.57262 0.03816 0.23122
0.43955 0.61611 0.46645
0.17220 0.74175 0.33938
0.13901 0.46306 0.01280
0.07950 0.70014 0.68893
0.43264 0.24318 0.51221
0.76151 0.95876 0.99879
0.43496 0.37425 0.19958
0.71572 0.88254 0.22897
0.80175 0.45737 0.08241
0.12221 0.83669 0.89841
0.30096 0.81007 0.74264
0.73860 0.48357 0.98374
0.30842 0.94318 0.49464
0.57656 0.25538 0.62613
0.61723 -0.46625 0.06811
0.66087 0.29404 0.06234
0.48724 0.41274 0.71662
0.80257 0.87369 0.17442
0.33408 0.80075 0.09440
0.73469 0.97544 0.62020
0.85200 0.31694 0.67657
0.62820 0.37213 0.40533
0.69647 0.88545 0.46344
0.44610 0.37973 0.17473
0.30662 0.75673 0.19738
0.69569 0.84872 0.62764
0.92285 0.42287 0.47194
0.78073 0.22381 0.00323
0.95935 0.12420 0.08655
0.94815 0.86467 0.52041
0.51382 0.78518 0.64208
0.88613 0.47387 0.27820
0.90108 0.80678 0.70962
-0.15439 -0.02475 0.10278
0.09564 0.31325 0.75400
0.52020 0.72621 0.56510
0.88696 0.70876 0.31328
-5.61649 1.73134 0.84972
0.84861 0.24881 0.35027
0.12308 0.35680 0.27194
0.76087 0.65312 0.68878
0.89786 0.12972 0.42093
0.84930 0.35642 0.49709
0.05121 0.35755 0.73497
0.86363 0.27243 0.31581
-0.07666 0.55533 0.62305
0.26206 0.82291 0.01687
0.40944 0.80627 0.71518
0.59048 0.76421 0.92177
0.61017 0.95831 0.01669
0.53442 0.55515 0.12758
0.47595 0.24761 0.87045
0.71581 0.77815 0.35449
0.67130 0.15078 0.34414
0.21851 0.62713 0.26444
0.83603 0.16846 0.90381
0.75218 0.15596 0.19053
0.90720 0.89691 0.59107
0.36505 0.78471 0.69651
0.10970 0.92356 0.45780
0.26889 0.08544 0.35937
0.15846 0.33739 0.58950
0.68006 0.74378 0.78161
0.88746 0.32259 0.06889
0.56048 0.38180 0.65635
0.89588 0.30449 0.89865
0.64053 0.87359 0.68733
0.04838 0.06339 0.54278
0.57040 0.04758 0.08708
0.56104 0.88891 0.85567
0.14935 0.56263 0.19820
0.37285 0.47885 0.29148
0.91378 0.35552 0.53318
-33.68477 -42.76910 0.33674
0.66128 0.67400 0.81144
0.96588 0.66331 0.42663
0.84115 0.95137 0.17133
0.04679 0.87612 0.06580
0.10590 0.88963 0.54732
0.60343 0.12787 0.22932
0.72509 0.37528 0.29701
0.31348 0.08663 0.71302
0.25825 0.42196 0.06609
0.01575 0.79502 0.18940
0.51459 0.18488 0.32622
0.06488 0.18936 0.91712
0.44228 0.86986 0.69425
0.37461 0.34704 0.73142
0.26578 0.87208 0.07332
0.41600 0.70727 0.21068
0.85363 0.62676 0.45603
0.16105 0.52844 0.39638
0.63015 0.06136 0.40971
-0.26207 0.85829 0.67966
0.94849 0.46268 0.55113
0.53834 0.16752 0.54899
0.13656 0.37448 0.89035
0.91392 0.50125 0.19135
0.82076 0.27252 0.93892
0.49082 0.87608 0.43292
0.47234 0.15527 0.91863
0.11653 0.71733 0.61860
0.65699 0.51101 0.60599
